# n n_solutions
31 1000
# n x n distance matrix
0 2545 1456 1964 707 2500 921 1414 1581 2360 2600 2915 1208 2256 2780 2720 1941 806 3488 2340 3676 2729 3041 3138 3313 3324 608 1615 2451 1843 1431
2545 0 1456 2302 2641 3306 1627 3959 4022 3721 4753 5420 3178 4205 5315 4004 1403 2459 3640 4770 4472 2376 984 1252 2580 4229 3061 3511 1431 3026 2137
1456 1456 0 2420 1272 1992 854 2778 2687 3448 4019 4338 2501 2751 4045 2607 1802 1824 4036 3405 3231 1526 1640 2507 3361 4248 2061 2061 1004 1600 700
1964 2302 2420 0 2600 4220 1627 2942 3400 1486 2831 3944 1523 4220 4272 4606 900 1204 1627 4110 5464 3940 3238 1972 1414 1941 2002 3573 3220 3635 2906
707 2641 1272 2600 0 1802 1204 1581 1414 3061 3140 3162 1886 1700 2780 2024 2402 1500 4167 2140 2969 2202 2906 3471 3883 4031 1170 1004 2147 1140 921
2500 3306 1992 4220 1802 0 2607 3041 2500 4860 4838 4500 3689 1655 3765 806 3757 3255 5841 2886 1252 1303 2983 4472 5322 5813 2952 1400 2039 670 1341
921 1627 854 1627 1204 2607 0 2334 2459 2596 3275 3801 1711 2901 3701 3067 1216 1000 3255 3220 3858 2370 2213 2280 2751 3400 1442 2200 1811 2061 1280
1414 3959 2778 2942 1581 3041 2334 0 707 2563 1886 1581 1503 1920 1389 2863 3220 1802 4143 1216 3939 3748 4410 4477 4356 3584 984 1676 3716 2408 2500
1581 4022 2687 3400 1414 2500 2459 707 0 3220 2580 2000 2088 1220 1389 2213 3517 2202 4729 761 3289 3383 4318 4716 4804 4248 1403 1100 3522 1923 2247
2360 3721 3448 1486 3061 4860 2596 2563 3220 0 1565 2961 1204 4326 3605 5020 2353 1655 1726 3764 6020 4939 4600 3443 2483 1029 1984 3828 4393 4201 3712
2600 4753 4019 2831 3140 4838 3275 1886 2580 1565 0 1503 1581 3801 2376 4741 3551 2308 3257 2842 5813 5315 5481 4780 4022 2308 2002 3534 5024 4176 4011
2915 5420 4338 3944 3162 4500 3801 1581 2000 2961 1503 0 2441 3080 1063 4159 4468 3041 4687 1838 5217 5315 5953 5748 5280 3801 2360 3100 5292 3911 4080
1208 3178 2501 1523 1886 3689 1711 1503 2088 1204 1581 2441 0 3138 2765 3818 2051 728 2647 2716 4827 3905 3905 3324 2912 2220 781 2624 3500 3023 2624
2256 4205 2751 4220 1700 1655 2901 1920 1220 4326 3801 3080 3138 0 2200 1100 4101 3036 5700 1300 2137 2842 4219 5147 5557 5353 2370 707 3301 1345 2102
2780 5315 4045 4272 2780 3765 3701 1389 1389 3605 2376 1063 2765 2200 0 3300 4606 3178 5300 900 4318 4753 5685 5866 5675 4554 2370 2404 4909 3257 3635
2720 4004 2607 4606 2024 806 3067 2863 2213 5020 4741 4159 3818 1100 3300 0 4272 3522 6191 2400 1077 2109 3764 5115 5818 6020 3041 1220 2816 1019 1910
1941 1403 1802 900 2402 3757 1216 3220 3517 2353 3551 4468 2051 4101 4606 4272 0 1442 2332 4272 5008 3252 2353 1280 1565 2828 2236 3405 2441 3257 2416
806 2459 1824 1204 1500 3255 1000 1802 2202 1655 2308 3041 728 3036 3178 3522 1442 0 2683 2927 4459 3289 3178 2720 2601 2561 824 2416 2807 2617 2059
3488 3640 4036 1627 4167 5841 3255 4143 4729 1726 3257 4687 2647 5700 5300 6191 2332 2683 0 5360 7080 5544 4623 2807 1315 1131 3352 5099 4770 5243 4534
2340 4770 3405 4110 2140 2886 3220 1216 761 3764 2842 1838 2716 1300 900 2400 4272 2927 5360 0 3423 3935 5020 5478 5522 4775 2109 1565 4186 2416 2906
3676 4472 3231 5464 2969 1252 3858 3939 3289 6020 5813 5217 4827 2137 4318 1077 5008 4459 7080 3423 0 2202 4001 5675 6574 7000 4060 2282 3106 1843 2594
2729 2376 1526 3940 2202 1303 2370 3748 3383 4939 5315 5315 3905 2842 4753 2109 3252 3289 5544 3935 2202 0 1800 3624 4763 5770 3313 2370 948 1526 1303
3041 984 1640 3238 2906 2983 2213 4410 4318 4600 5481 5953 3905 4219 5685 3764 2353 3178 4623 5020 4001 1800 0 2121 3551 5178 3624 3580 948 2906 2140
3138 1252 2507 1972 3471 4472 2280 4477 4716 3443 4780 5748 3324 5147 5866 5115 1280 2720 2807 5478 5675 3624 2121 0 1552 3649 3498 4440 2683 4104 3206
3313 2580 3361 1414 3883 5322 2751 4356 4804 2483 4022 5280 2912 5557 5675 5818 1565 2601 1315 5522 6574 4763 3551 1552 0 2325 3413 4883 3889 4810 3981
3324 4229 4248 1941 4031 5813 3400 3584 4248 1029 2308 3801 2220 5353 4554 6020 2828 2561 1131 4775 7000 5770 5178 3649 2325 0 3000 4841 5126 5166 4604
608 3061 2061 2002 1170 2952 1442 984 1403 1984 2002 2360 781 2370 2370 3041 2236 824 3352 2109 4060 3313 3624 3498 3413 3000 0 1843 3059 2282 2009
1615 3511 2061 3573 1004 1400 2200 1676 1100 3828 3534 3100 2624 707 2404 1220 3405 2416 5099 1565 2282 2370 3580 4440 4883 4841 1843 0 2690 854 1442
2451 1431 1004 3220 2147 2039 1811 3716 3522 4393 5024 5292 3500 3301 4909 2816 2441 2807 4770 4186 3106 948 948 2683 3889 5126 3059 2690 0 1972 1280
1843 3026 1600 3635 1140 670 2061 2408 1923 4201 4176 3911 3023 1345 3257 1019 3257 2617 5243 2416 1843 1526 2906 4104 4810 5166 2282 854 1972 0 900
1431 2137 700 2906 921 1341 1280 2500 2247 3712 4011 4080 2624 2102 3635 1910 2416 2059 4534 2906 2594 1303 2140 3206 3981 4604 2009 1442 1280 900 0
# set of given starting solutions
0 12 14 20 16 7 11 1 29 23 21 5 6 4 2 8 15 26 18 22 25 24 19 3 10 27 28 9 30 13 17 0
0 27 5 29 2 3 8 12 23 24 15 21 6 11 25 14 30 4 13 19 7 16 1 22 28 18 17 26 9 20 10 0
0 28 5 24 4 1 29 2 19 6 20 14 12 17 30 26 7 15 18 27 23 21 22 11 10 9 3 8 13 25 16 0
0 27 24 23 29 7 28 22 9 18 16 13 4 17 10 20 15 2 30 6 3 14 19 25 21 5 11 1 12 26 8 0
0 26 20 30 29 27 23 5 21 25 17 1 10 2 7 24 12 22 18 3 13 16 14 8 6 15 19 9 28 11 4 0
0 19 30 8 26 21 27 9 13 10 23 14 29 7 18 28 11 17 2 5 24 1 3 4 20 12 22 15 16 6 25 0
0 17 4 2 25 5 27 24 16 19 22 12 26 1 10 29 30 23 28 7 6 15 9 11 18 8 14 13 3 21 20 0
0 30 10 27 9 1 3 26 2 24 11 18 13 7 19 6 17 14 25 23 8 5 22 29 4 21 15 28 20 12 16 0
0 25 7 26 23 19 20 16 13 18 11 21 6 30 1 27 15 4 28 10 17 22 9 29 3 8 12 14 5 24 2 0
0 6 14 13 7 1 10 19 24 9 22 3 26 4 30 21 23 15 8 17 11 27 18 29 16 28 2 20 25 12 5 0
0 23 6 7 1 29 21 28 4 24 12 10 9 13 27 5 22 30 16 26 19 3 20 11 25 14 15 18 8 2 17 0
0 21 1 15 11 23 24 20 4 22 29 30 13 28 8 25 2 26 7 6 14 10 19 17 5 18 9 27 12 16 3 0
0 13 9 1 29 20 22 3 30 17 4 21 10 7 12 27 28 24 11 2 14 8 26 5 15 23 25 6 19 18 16 0
0 17 13 7 24 14 23 11 25 1 2 18 3 16 28 29 30 22 15 6 5 21 26 20 10 27 8 9 12 19 4 0
0 7 24 5 9 23 3 13 22 28 6 18 17 25 15 26 29 27 2 12 8 30 14 10 1 16 4 20 11 21 19 0
0 13 2 4 30 9 18 10 23 28 15 22 14 20 19 12 17 8 6 1 26 29 27 16 24 21 3 11 5 25 7 0
0 6 23 28 15 18 19 17 14 1 16 20 21 3 11 25 8 30 26 27 10 29 22 2 12 7 24 4 13 5 9 0
0 21 22 2 12 27 11 1 17 8 25 18 23 9 19 28 15 16 30 4 14 29 26 20 24 13 10 6 3 5 7 0
0 22 28 30 4 23 2 9 5 19 1 29 26 27 16 3 7 21 17 12 10 24 14 6 13 11 15 18 8 20 25 0
0 19 20 5 26 13 6 27 1 22 9 23 18 16 11 10 15 3 21 14 25 30 17 7 29 12 24 4 8 28 2 0
0 20 28 19 16 15 24 6 27 3 4 21 26 12 14 18 8 30 5 11 17 29 23 22 25 10 2 1 9 7 13 0
0 11 24 20 28 15 8 21 18 7 29 12 16 5 23 30 1 4 14 3 26 13 25 22 10 2 19 17 9 6 27 0
0 11 18 2 8 13 7 10 21 19 16 28 25 24 4 14 3 5 12 30 9 1 27 26 23 15 20 17 22 29 6 0
0 4 28 23 24 8 16 1 17 19 18 3 7 11 9 14 22 29 21 10 12 15 20 2 6 26 5 30 27 13 25 0
0 18 21 13 22 4 5 20 12 28 7 9 17 3 15 1 26 14 11 24 16 30 29 19 2 23 25 6 8 27 10 0
0 25 18 22 6 21 7 3 11 12 9 20 17 10 28 15 1 14 19 4 29 2 24 23 16 30 26 8 27 5 13 0
0 7 4 6 10 12 22 21 20 19 1 27 24 29 2 18 26 15 28 25 11 14 5 23 3 9 17 30 16 8 13 0
0 7 14 16 5 9 27 29 22 20 12 24 8 17 6 18 15 26 25 19 10 1 11 30 4 23 28 21 13 2 3 0
0 17 29 2 1 4 21 14 26 16 25 28 22 12 9 13 19 20 10 27 6 3 15 18 7 24 23 11 30 5 8 0
0 26 25 14 16 19 27 21 17 10 2 15 18 1 8 12 24 6 30 5 11 9 7 20 13 28 29 22 4 23 3 0
0 5 25 1 15 24 21 20 29 28 8 27 14 22 16 11 4 7 23 12 26 17 13 18 9 3 10 19 6 30 2 0
0 11 26 15 30 14 12 28 10 17 13 20 7 27 9 21 16 22 3 8 18 1 6 23 19 24 4 29 25 2 5 0
0 15 3 22 5 29 25 10 9 1 4 24 28 12 19 8 2 30 27 16 17 18 13 23 7 21 11 20 26 6 14 0
0 15 23 1 20 26 29 28 30 12 5 9 10 21 4 13 19 17 27 8 16 22 7 14 25 6 18 11 3 2 24 0
0 5 13 25 30 3 24 10 9 20 18 16 27 12 14 28 29 11 23 22 7 17 1 19 8 2 21 15 6 26 4 0
0 29 12 11 5 16 26 9 20 17 24 19 2 3 22 15 25 13 14 27 8 4 23 30 21 28 1 10 7 18 6 0
0 2 26 12 6 5 30 18 23 4 3 8 21 25 29 13 16 19 24 1 20 7 14 27 22 11 9 28 10 17 15 0
0 20 3 27 28 6 18 1 10 13 4 24 21 15 23 9 8 22 29 5 11 7 16 17 19 25 30 14 26 2 12 0
0 12 26 2 19 22 13 24 1 27 17 28 11 7 21 20 3 23 16 18 10 29 30 15 14 4 9 6 25 8 5 0
0 21 11 25 27 9 1 15 12 22 10 20 7 5 8 18 4 28 14 13 29 23 30 26 3 6 16 17 24 2 19 0
0 23 4 1 17 25 10 3 5 28 12 14 11 13 20 29 6 24 7 2 22 9 30 27 18 15 21 26 16 8 19 0
0 29 3 7 14 13 8 21 30 20 28 1 5 6 26 4 9 22 27 25 12 2 10 23 17 11 15 18 16 19 24 0
0 25 27 11 9 2 17 21 15 16 5 7 14 29 19 18 20 10 1 24 12 22 26 23 28 8 6 13 3 4 30 0
0 2 22 19 1 7 14 27 4 20 18 12 15 6 13 5 29 9 30 16 17 28 10 23 21 26 11 25 3 24 8 0
0 4 14 19 5 23 24 27 30 20 13 3 11 12 18 6 25 16 17 15 29 22 21 8 10 2 7 26 9 28 1 0
0 21 28 12 1 8 11 20 30 4 14 2 3 15 7 10 27 16 22 6 18 29 19 23 5 25 9 24 26 13 17 0
0 29 9 14 6 8 5 24 16 30 28 3 12 27 18 11 10 22 1 15 13 26 20 17 2 21 19 7 4 23 25 0
0 25 9 4 18 2 27 17 13 1 6 16 14 22 10 28 30 3 19 5 23 21 26 24 15 20 12 29 8 7 11 0
0 2 26 19 10 20 24 11 13 30 23 29 15 4 27 3 1 9 6 5 16 18 8 22 12 14 17 7 21 25 28 0
0 26 2 30 22 25 8 20 13 12 5 17 9 7 29 14 24 23 19 18 28 1 10 27 3 4 15 11 16 6 21 0
0 27 22 5 10 20 15 2 29 16 23 6 4 3 14 9 26 25 13 7 8 21 1 28 24 11 30 19 17 12 18 0
0 9 2 19 17 18 3 12 22 4 29 28 7 16 15 6 21 14 1 26 24 20 10 5 8 11 30 25 23 27 13 0
0 9 21 6 18 2 3 28 14 27 4 16 22 15 7 1 25 30 24 5 26 29 20 10 8 12 23 17 13 19 11 0
0 30 22 1 14 6 24 4 28 20 21 12 2 13 27 15 5 29 16 11 10 25 8 23 17 19 18 3 9 7 26 0
0 4 15 21 12 6 20 7 10 23 5 11 19 24 14 16 9 30 3 29 22 28 17 18 2 13 8 27 1 26 25 0
0 7 19 28 5 22 18 23 13 12 3 26 2 1 21 6 20 8 16 9 4 25 11 14 17 15 10 27 24 29 30 0
0 21 27 25 14 5 2 13 6 24 8 23 29 20 12 9 1 4 30 15 16 10 28 11 26 3 17 19 7 18 22 0
0 19 29 3 20 2 25 12 1 7 22 17 11 26 9 10 5 6 15 23 13 30 28 16 14 21 24 18 8 4 27 0
0 28 11 30 13 27 22 25 20 23 5 26 16 18 10 4 8 29 3 1 21 17 7 24 12 2 6 9 14 15 19 0
0 12 15 22 10 5 11 25 4 14 26 27 1 6 19 8 20 2 29 16 7 23 9 13 24 18 30 21 3 28 17 0
0 13 12 9 2 14 25 17 19 6 15 8 24 26 4 27 18 29 22 20 16 28 23 3 21 30 7 5 10 11 1 0
0 4 11 10 14 16 5 17 6 28 30 18 27 22 3 19 7 29 20 24 26 23 15 21 25 8 1 12 2 13 9 0
0 26 20 5 22 3 13 30 18 6 14 27 19 25 12 11 24 28 16 10 8 4 17 9 29 7 15 21 2 23 1 0
0 22 11 10 17 20 5 7 26 25 6 19 12 21 16 24 3 13 8 14 15 4 1 28 18 2 30 23 9 29 27 0
0 9 3 14 24 2 10 8 20 27 11 28 16 26 29 25 4 17 6 15 12 19 18 7 1 5 22 23 21 13 30 0
0 19 11 16 15 26 17 14 1 3 20 24 22 12 8 13 10 6 9 30 4 23 27 25 2 28 29 5 18 7 21 0
0 19 14 6 18 10 20 13 16 28 9 15 22 7 3 17 24 2 27 29 4 21 5 25 12 26 8 30 11 23 1 0
0 14 1 18 8 21 4 3 13 7 20 9 24 5 29 10 15 23 16 25 30 2 6 11 28 19 17 12 26 27 22 0
0 9 19 28 23 6 3 24 22 17 20 15 11 4 10 14 26 30 5 2 12 18 13 1 29 27 25 16 8 7 21 0
0 25 4 5 15 1 13 18 7 3 8 17 16 30 27 20 11 26 12 2 14 28 21 6 23 22 10 19 29 9 24 0
0 24 1 27 9 6 12 13 19 14 11 7 18 10 16 2 8 3 4 17 26 30 23 5 29 28 21 20 22 25 15 0
0 6 26 24 23 2 15 27 17 13 21 19 9 25 10 12 7 3 1 20 22 30 11 5 29 18 16 4 8 28 14 0
0 22 1 2 16 6 21 28 13 26 18 11 14 20 3 17 7 5 25 27 24 29 15 10 30 12 9 23 4 8 19 0
0 4 28 1 21 30 7 2 20 26 14 5 29 25 24 23 27 6 9 16 12 17 3 10 15 18 8 19 13 22 11 0
0 21 10 2 20 18 25 16 9 27 7 8 3 23 24 13 12 6 11 17 28 1 30 22 26 5 19 4 15 14 29 0
0 1 6 9 25 5 2 11 3 7 29 20 30 17 8 10 26 4 16 12 15 27 23 14 19 24 18 28 13 22 21 0
0 6 23 3 25 4 7 22 24 30 16 15 10 12 5 13 18 2 14 29 9 17 27 21 19 1 28 26 20 11 8 0
0 11 13 2 5 14 8 7 17 9 23 19 25 21 29 20 18 15 4 12 22 30 10 3 16 27 6 24 26 1 28 0
0 11 3 20 14 7 25 16 6 13 1 2 26 15 28 8 29 12 10 30 17 22 24 18 27 21 5 4 19 9 23 0
0 23 5 14 4 28 12 20 8 19 25 9 11 3 15 2 26 13 16 21 1 7 18 27 24 30 22 29 17 6 10 0
0 18 15 29 23 27 19 7 26 25 28 21 30 5 9 24 13 10 1 8 11 3 16 6 14 4 17 12 2 20 22 0
0 6 9 18 23 1 7 20 16 30 17 4 3 29 12 14 22 5 11 13 10 21 19 15 24 25 28 26 8 27 2 0
0 12 3 1 6 4 2 30 29 16 23 10 21 5 17 19 22 14 13 26 7 28 18 27 11 25 9 15 8 24 20 0
0 1 27 13 9 10 4 26 16 12 19 8 20 17 23 21 6 18 7 3 2 25 24 15 5 28 30 14 22 29 11 0
0 19 27 16 5 18 25 22 2 9 11 1 10 3 12 23 6 8 7 26 30 29 24 4 17 28 14 15 20 13 21 0
0 16 29 27 18 4 22 6 20 1 19 3 5 2 11 21 30 23 24 28 9 8 13 10 7 14 15 12 17 25 26 0
0 26 5 25 28 17 1 10 20 11 8 14 22 6 24 29 19 23 7 2 3 15 16 30 9 4 12 13 18 21 27 0
0 15 13 16 5 14 4 7 19 28 9 23 20 18 30 29 1 12 22 3 17 26 6 2 25 10 11 8 24 27 21 0
0 18 22 9 14 6 16 20 19 10 1 30 29 21 26 23 5 8 17 13 3 11 27 7 12 24 28 15 25 2 4 0
0 14 24 30 1 21 9 4 29 27 25 23 19 18 10 2 17 13 28 8 11 5 15 6 26 22 12 16 20 7 3 0
0 29 18 8 30 26 23 9 17 21 15 4 3 19 27 13 25 16 28 6 5 24 20 1 11 14 22 10 12 2 7 0
0 12 7 2 17 29 16 5 13 4 9 18 21 26 1 10 24 25 27 8 15 11 14 19 28 6 30 22 20 3 23 0
0 26 9 3 6 8 19 23 30 28 22 2 25 11 21 1 13 16 5 15 17 4 14 18 20 12 29 27 10 7 24 0
0 10 28 25 9 12 30 29 2 16 6 18 3 24 20 7 19 21 15 4 23 11 13 14 27 22 26 17 8 5 1 0
0 14 7 27 11 26 20 2 23 9 12 19 25 15 5 22 10 1 28 13 30 3 21 6 24 16 8 17 29 4 18 0
0 4 17 16 21 1 10 29 25 22 7 19 28 5 15 6 12 3 8 26 11 13 27 24 2 14 9 20 23 30 18 0
0 3 17 1 21 27 10 13 26 11 7 19 6 12 4 8 23 14 28 20 25 24 5 22 18 15 2 16 29 30 9 0
0 28 18 5 26 3 4 24 17 7 12 9 14 16 15 6 13 27 20 29 30 25 10 19 23 8 1 22 2 21 11 0
0 10 12 4 23 8 20 29 28 24 9 13 19 30 17 25 3 22 18 15 6 21 5 7 2 1 11 27 26 14 16 0
0 14 22 13 7 26 19 17 5 10 18 20 16 24 1 11 29 30 23 27 21 15 28 25 2 4 6 12 3 9 8 0
0 5 1 28 3 18 23 15 17 19 29 21 24 8 30 10 27 16 22 25 20 13 2 4 9 11 7 26 12 6 14 0
0 26 28 15 8 27 7 19 2 12 6 16 14 30 29 1 20 9 5 21 4 3 18 22 23 24 11 13 25 10 17 0
0 18 13 17 14 7 1 28 27 2 30 19 15 20 10 29 9 3 24 21 4 23 12 16 6 25 22 26 11 5 8 0
0 23 16 7 27 6 28 19 30 24 17 14 18 10 3 29 2 15 22 4 25 9 13 12 5 1 26 8 11 20 21 0
0 14 27 13 24 20 22 30 15 5 19 18 3 8 6 11 16 23 9 17 1 4 2 29 7 25 12 28 21 26 10 0
0 9 19 25 1 6 16 23 8 10 28 2 18 11 14 29 22 21 26 27 24 12 30 17 20 13 3 7 15 5 4 0
0 30 14 6 24 3 15 28 11 19 5 2 21 16 22 27 4 23 1 17 12 26 10 18 29 20 8 7 25 9 13 0
0 27 13 3 11 5 21 9 2 15 7 12 29 6 8 19 20 16 24 1 30 4 10 22 23 26 28 25 14 17 18 0
0 5 10 15 16 26 3 6 22 2 12 24 11 23 13 18 25 28 29 17 30 8 1 21 14 7 4 20 19 27 9 0
0 8 22 18 14 19 10 21 27 5 25 3 13 16 6 30 12 24 11 20 4 28 7 1 9 23 29 15 2 17 26 0
0 2 10 24 12 25 20 4 30 17 27 18 8 6 26 3 19 5 9 11 23 29 28 14 21 1 16 15 22 13 7 0
0 24 29 3 13 16 18 25 11 9 12 15 22 27 2 8 28 7 17 21 20 10 14 1 4 5 19 26 23 6 30 0
0 5 20 9 30 17 29 27 23 13 26 14 6 3 18 11 7 28 8 12 10 4 24 19 15 22 2 16 1 21 25 0
0 8 3 14 24 12 30 15 10 11 7 22 26 16 21 27 9 19 23 1 17 29 18 2 4 5 13 6 25 20 28 0
0 8 5 11 23 28 30 12 9 26 19 22 3 17 13 24 14 16 21 15 20 2 1 27 6 10 7 25 4 29 18 0
0 17 29 11 7 27 15 28 22 21 3 24 6 30 8 19 16 2 23 26 25 13 14 12 1 10 9 18 20 4 5 0
0 18 5 21 30 16 22 20 17 24 2 6 12 25 3 7 10 27 1 23 14 13 15 8 4 26 19 11 29 28 9 0
0 15 4 20 6 18 5 25 22 10 12 16 17 1 3 21 29 28 23 26 30 24 2 14 9 19 7 27 13 11 8 0
0 9 21 26 7 22 20 5 30 25 1 10 2 23 13 4 27 8 24 29 12 17 11 28 14 15 16 18 3 19 6 0
0 5 22 27 23 9 3 14 28 4 18 26 6 13 17 24 2 7 15 12 19 8 10 30 25 29 20 11 1 21 16 0
0 11 13 5 6 30 19 15 1 29 26 10 20 14 7 18 12 24 17 21 16 4 3 27 2 23 8 28 9 22 25 0
0 21 13 2 27 12 28 1 5 17 29 3 4 24 11 6 10 19 16 22 7 18 9 23 20 30 14 8 25 26 15 0
0 8 25 20 4 19 5 16 10 13 30 7 9 26 3 15 18 1 6 28 22 27 2 23 11 17 12 24 21 29 14 0
0 6 17 8 26 28 20 19 4 14 13 30 11 16 24 15 5 9 1 3 27 7 18 29 10 2 23 21 22 12 25 0
0 20 29 10 27 15 30 12 16 5 1 9 14 4 8 6 13 3 19 18 22 24 21 7 17 2 26 28 11 25 23 0
0 21 26 20 27 11 9 7 13 5 19 2 18 8 23 22 6 25 10 12 15 24 28 14 29 17 1 3 30 4 16 0
0 21 22 8 20 14 15 25 30 29 23 17 26 9 1 2 3 13 11 4 28 19 12 18 27 16 24 10 7 5 6 0
0 12 26 24 3 30 27 13 25 2 22 17 10 8 5 11 7 23 21 16 18 19 20 14 1 4 28 29 6 9 15 0
0 30 20 15 14 28 18 2 24 7 6 17 12 21 29 1 9 11 19 5 4 27 23 25 10 16 22 3 26 13 8 0
0 25 11 21 28 1 24 8 9 13 4 19 27 29 30 20 22 12 7 6 2 16 26 18 14 23 15 5 10 17 3 0
0 10 20 18 15 4 26 19 8 24 30 2 14 12 22 25 6 3 23 16 7 21 28 11 29 5 17 13 27 1 9 0
0 27 6 24 28 14 22 2 15 18 4 21 11 13 9 5 8 10 3 26 1 30 25 20 7 12 17 29 23 19 16 0
0 8 24 30 19 25 29 26 20 11 2 10 17 7 28 6 16 22 27 13 21 9 23 5 12 1 15 4 18 14 3 0
0 2 29 17 25 16 14 9 30 27 6 22 24 7 8 13 1 10 18 21 28 3 26 19 20 23 12 15 5 11 4 0
0 9 8 12 4 30 11 19 3 2 14 1 27 16 29 26 5 18 24 7 15 28 23 10 20 6 25 13 17 22 21 0
0 3 28 4 30 26 20 14 25 19 5 12 16 24 23 18 1 11 10 21 15 29 27 17 2 8 7 22 9 13 6 0
0 11 20 27 17 13 4 9 18 15 30 2 22 16 12 3 28 1 29 23 24 10 26 5 14 8 7 6 19 21 25 0
0 16 10 20 6 24 3 13 1 11 21 9 12 2 22 14 5 27 8 7 19 25 26 23 18 30 17 4 15 28 29 0
0 18 4 2 5 25 23 7 29 22 9 19 16 27 15 12 14 24 21 3 28 13 6 11 17 10 1 20 30 8 26 0
0 15 11 18 14 2 10 3 13 30 24 7 22 4 17 28 29 27 26 8 6 1 5 9 23 19 20 16 25 21 12 0
0 12 17 6 29 1 28 10 13 7 4 30 14 9 27 16 8 24 25 26 21 5 18 20 15 19 3 23 2 11 22 0
0 14 24 22 29 1 16 26 30 23 13 28 17 8 4 9 18 3 27 10 5 19 2 20 15 7 11 21 6 25 12 0
0 6 27 10 28 19 30 12 17 22 21 3 7 18 11 2 16 13 4 25 15 26 20 1 24 5 29 9 8 23 14 0
0 6 2 16 14 18 23 7 27 9 1 5 28 19 3 30 4 11 21 17 8 25 12 10 15 29 22 13 26 24 20 0
0 22 30 26 5 7 19 8 3 29 15 14 12 9 27 2 28 11 13 1 25 20 17 6 10 23 21 18 24 16 4 0
0 25 2 6 1 23 26 14 11 17 18 16 13 29 21 24 8 5 7 3 12 19 30 27 15 10 4 20 28 9 22 0
0 27 22 16 7 13 26 6 19 21 28 17 8 18 14 5 12 23 20 15 11 1 10 3 9 2 4 29 24 30 25 0
0 1 23 2 21 5 30 25 18 10 22 27 8 9 16 24 4 11 6 28 17 7 14 26 3 20 29 12 13 15 19 0
0 7 14 21 11 2 12 30 4 6 16 23 27 9 3 22 28 18 25 15 29 20 5 10 8 13 1 17 24 19 26 0
0 20 27 19 15 9 13 10 22 24 3 16 8 4 21 5 23 30 11 29 7 2 6 28 25 12 17 1 18 26 14 0
0 7 17 29 20 22 3 27 21 8 1 13 28 23 10 14 30 19 15 6 11 25 12 9 4 26 2 18 24 5 16 0
0 28 13 4 3 9 26 23 30 7 20 17 18 8 15 6 11 12 21 24 19 5 16 22 29 1 27 25 2 10 14 0
0 11 4 1 3 9 28 29 27 12 16 19 25 22 20 5 6 23 10 17 15 18 24 8 30 2 14 13 21 26 7 0
0 25 20 9 1 19 13 15 24 18 27 21 16 4 11 30 7 26 29 8 23 6 10 2 5 12 3 14 17 28 22 0
0 28 15 14 30 7 5 23 17 18 11 19 6 12 20 2 21 29 24 4 8 3 1 13 9 25 22 26 16 27 10 0
0 4 8 23 18 14 30 13 5 6 10 9 15 29 2 11 27 25 22 28 26 7 17 3 24 1 21 12 16 19 20 0
0 28 13 25 23 29 4 11 14 16 3 17 21 15 22 30 7 5 27 9 10 26 24 8 12 6 19 1 18 20 2 0
0 30 26 28 6 12 23 29 25 21 13 3 16 1 19 24 22 8 27 11 20 15 14 9 7 4 18 2 5 17 10 0
0 27 17 5 14 10 15 21 8 11 4 24 7 19 28 30 20 13 22 3 18 1 9 29 25 2 23 26 12 6 16 0
0 27 10 29 6 23 21 2 19 4 14 15 8 5 26 13 30 22 7 24 20 9 3 11 25 18 12 17 28 16 1 0
0 21 28 13 22 9 19 30 10 8 25 16 6 5 17 11 2 7 12 3 14 1 26 15 29 24 4 20 27 23 18 0
0 30 9 19 25 26 11 24 27 13 7 29 15 2 16 4 12 21 3 22 5 1 23 14 20 17 8 18 28 6 10 0
0 9 20 27 16 13 1 24 6 15 4 11 5 2 28 29 14 26 8 17 12 23 7 18 22 10 21 3 19 30 25 0
0 22 5 15 9 25 12 1 18 10 19 11 13 8 3 28 27 7 2 16 20 6 30 14 29 4 26 21 24 17 23 0
0 9 6 16 8 5 17 29 20 13 26 7 18 23 19 2 12 1 4 15 11 14 10 25 28 24 30 22 3 21 27 0
0 8 16 1 20 18 29 17 24 5 4 27 7 12 9 10 15 19 23 14 28 21 13 2 11 22 6 3 26 25 30 0
0 3 17 24 4 14 20 9 23 12 8 21 7 1 26 28 13 30 19 15 10 22 2 16 6 5 18 25 29 11 27 0
0 2 25 22 11 23 3 8 17 20 16 14 7 18 10 9 24 21 6 1 15 30 28 13 12 4 27 19 5 26 29 0
0 23 24 28 30 25 9 7 14 21 27 8 18 29 26 22 15 17 19 1 11 12 6 4 10 3 5 16 13 2 20 0
0 25 20 28 26 8 12 3 2 11 27 14 7 21 18 24 23 29 17 6 16 30 22 15 19 4 10 13 5 9 1 0
0 3 14 10 6 8 9 22 24 21 1 28 17 26 27 23 16 12 13 18 29 20 25 5 15 7 2 30 19 4 11 0
0 28 29 22 6 27 18 23 19 24 11 8 13 14 3 30 9 4 1 7 21 12 2 20 16 10 17 25 15 26 5 0
0 27 24 7 8 16 13 20 14 10 30 15 6 12 11 21 5 26 4 17 3 28 23 25 22 19 1 2 29 9 18 0
0 25 7 20 3 1 23 24 5 19 8 9 11 6 30 28 12 2 29 16 17 10 27 21 13 4 18 22 26 14 15 0
0 6 30 26 20 7 4 9 3 11 16 8 23 22 28 5 10 27 17 13 29 15 24 1 19 2 12 14 18 25 21 0
0 7 15 5 2 14 1 6 26 30 12 25 24 18 13 9 11 23 4 8 17 16 29 3 27 28 21 20 19 10 22 0
0 29 11 6 18 9 27 24 12 22 25 23 8 20 26 1 15 2 16 7 30 21 17 4 3 5 14 10 28 19 13 0
0 10 9 19 26 17 2 23 14 12 24 6 28 7 18 20 25 21 15 8 16 11 27 13 5 4 3 22 29 30 1 0
0 17 8 3 10 28 18 25 21 7 13 9 27 22 16 4 30 20 1 26 5 19 2 23 15 12 11 29 14 6 24 0
0 24 20 1 17 21 12 16 27 3 22 13 30 19 23 5 15 11 25 14 2 6 28 4 18 10 9 8 29 7 26 0
0 7 17 18 24 11 14 4 10 22 23 16 8 1 21 20 5 25 29 6 12 30 3 13 28 27 26 2 9 19 15 0
0 9 3 18 8 23 20 1 19 25 21 5 30 24 27 26 6 29 14 11 17 12 7 28 2 13 16 22 4 10 15 0
0 17 13 4 22 6 29 21 15 2 25 7 20 11 24 28 3 16 30 1 9 14 18 19 12 8 26 10 27 23 5 0
0 16 25 18 21 4 22 28 20 26 24 13 7 1 10 27 2 8 5 15 23 9 17 30 3 29 6 19 12 14 11 0
0 9 19 2 4 11 21 28 30 7 24 16 15 18 29 14 10 3 26 27 25 5 12 1 17 20 8 13 22 23 6 0
0 5 10 9 4 17 7 24 3 8 21 6 19 26 20 25 16 28 2 23 22 15 1 14 27 30 29 13 12 18 11 0
0 19 13 21 17 24 5 6 16 2 20 8 3 30 26 12 28 25 22 15 10 14 18 27 11 1 29 7 9 23 4 0
0 5 7 15 13 27 30 21 29 16 9 18 19 1 11 17 4 26 2 23 14 3 10 6 24 12 22 28 20 8 25 0
0 26 28 1 12 30 6 8 29 13 21 15 7 20 19 18 11 9 27 10 23 4 17 5 14 22 25 2 24 16 3 0
0 16 9 8 18 15 13 21 24 3 1 10 4 11 29 17 26 7 20 22 6 12 30 5 23 14 28 25 27 2 19 0
0 6 16 2 23 18 22 15 19 24 11 21 29 3 30 28 7 5 13 1 8 25 27 9 4 26 12 20 10 14 17 0
0 26 23 3 12 28 5 7 19 2 18 29 17 22 1 6 14 27 4 11 10 24 25 13 16 9 30 21 8 15 20 0
0 1 7 27 23 29 11 16 8 28 20 17 30 26 15 12 4 19 25 2 13 9 10 24 5 14 22 3 18 21 6 0
0 4 8 25 16 12 1 13 29 2 26 28 7 23 24 17 22 30 14 18 11 20 21 6 3 19 9 10 15 27 5 0
0 30 22 16 19 28 21 26 5 1 17 13 25 29 3 9 14 6 4 23 11 24 8 15 2 12 10 27 20 18 7 0
0 1 14 16 29 5 10 27 15 23 24 26 6 3 13 8 22 17 28 25 4 20 18 19 11 2 9 7 30 12 21 0
0 12 20 3 30 7 28 26 24 13 29 2 15 21 6 16 11 27 4 1 25 18 19 22 8 10 14 5 9 17 23 0
0 28 23 1 6 25 21 26 27 14 9 5 4 7 10 2 13 30 3 8 18 24 22 12 16 20 19 11 29 15 17 0
0 23 5 30 8 4 12 27 1 9 10 13 21 6 16 29 11 20 22 17 3 18 28 15 24 26 25 14 2 19 7 0
0 26 18 24 17 5 6 10 13 30 11 15 20 8 2 1 27 14 3 23 29 4 21 9 7 25 12 22 28 16 19 0
0 7 4 26 12 28 13 2 9 1 3 8 19 11 24 30 15 18 17 14 25 22 6 27 20 10 16 29 21 23 5 0
0 2 16 27 9 18 3 17 12 1 15 20 14 11 28 13 26 21 29 22 4 25 30 10 8 19 6 5 23 7 24 0
0 3 10 21 23 7 6 27 16 14 28 5 25 22 11 9 12 19 20 17 8 15 4 1 18 29 24 13 26 2 30 0
0 16 27 28 26 25 13 1 12 17 30 21 18 3 24 29 22 2 23 10 9 14 5 11 7 6 19 4 15 20 8 0
0 28 29 13 23 24 20 10 18 11 21 16 4 14 22 17 19 12 7 27 6 9 1 30 8 2 25 15 5 26 3 0
0 23 22 2 17 24 15 9 8 18 5 12 13 1 27 10 30 26 21 7 3 25 19 14 28 29 11 4 16 20 6 0
0 7 9 5 13 26 4 23 17 11 14 6 12 22 28 15 19 2 10 16 20 25 29 30 8 18 24 3 21 27 1 0
0 6 4 18 1 19 27 25 21 13 20 15 30 17 24 7 26 16 8 3 29 23 5 2 12 9 14 11 28 22 10 0
0 10 22 20 4 6 28 21 5 26 11 7 16 1 8 24 25 12 29 15 2 13 17 18 14 27 3 19 30 23 9 0
0 18 2 14 17 10 3 27 22 25 21 24 6 8 7 28 11 29 5 15 13 26 1 4 16 19 9 20 12 30 23 0
0 28 12 26 22 5 15 3 17 30 7 13 6 29 20 9 21 8 16 1 14 4 11 25 10 27 2 18 19 24 23 0
0 29 16 23 6 2 19 21 8 3 30 15 24 25 14 27 18 5 4 28 13 20 7 9 17 11 22 1 12 26 10 0
0 2 25 4 30 16 11 27 29 12 21 1 8 24 10 3 17 23 26 6 19 9 28 5 20 22 18 13 14 7 15 0
0 28 11 23 22 29 9 17 4 19 20 3 25 12 1 10 2 24 13 7 5 16 18 21 14 6 27 15 8 30 26 0
0 6 14 9 8 16 20 21 3 7 2 27 13 15 11 24 17 30 12 5 10 28 22 29 1 19 23 25 4 18 26 0
0 14 20 25 7 21 6 15 19 13 3 22 23 2 26 9 16 30 8 27 18 1 5 12 11 24 10 17 28 4 29 0
0 28 9 22 2 30 6 4 8 21 26 24 13 18 5 27 29 10 14 15 12 1 23 17 20 16 7 19 3 25 11 0
0 26 17 8 6 19 5 7 9 22 1 15 20 12 11 30 4 13 3 25 18 2 29 16 24 23 27 10 28 21 14 0
0 18 24 28 29 30 22 10 13 2 19 26 3 6 14 25 15 23 1 5 11 27 21 8 12 20 4 16 17 9 7 0
0 29 28 17 6 19 18 22 9 24 8 13 4 2 15 25 5 23 21 12 27 10 7 1 16 26 20 11 14 30 3 0
0 24 3 18 12 29 23 14 11 25 21 6 17 10 1 30 13 20 9 28 16 22 19 15 4 26 7 8 27 2 5 0
0 6 9 2 28 25 27 30 16 26 15 7 23 17 11 12 24 22 19 1 13 10 3 18 8 20 4 5 21 29 14 0
0 23 24 3 16 22 6 18 12 20 9 10 7 21 15 29 25 1 17 13 26 5 28 2 30 4 14 8 11 27 19 0
0 30 18 3 17 27 9 10 14 13 20 23 24 16 19 5 29 8 4 6 25 28 22 1 21 7 26 2 15 11 12 0
0 26 10 19 11 23 14 18 3 20 7 13 16 9 8 1 6 21 25 27 22 15 4 24 29 17 30 2 5 28 12 0
0 9 6 8 15 20 16 3 23 1 25 11 30 12 27 29 26 21 7 4 14 19 24 28 2 13 10 22 17 5 18 0
0 18 20 10 26 14 11 24 30 15 28 2 4 19 13 16 21 23 17 1 3 7 9 12 27 6 22 25 5 8 29 0
0 27 10 28 30 4 19 6 16 23 15 5 11 13 1 8 29 14 21 17 20 9 2 12 26 18 22 7 3 24 25 0
0 29 1 12 24 6 5 18 17 25 30 9 2 22 27 7 26 23 11 4 19 3 15 16 13 8 14 28 10 21 20 0
0 30 28 24 9 27 1 6 23 29 4 3 25 10 7 17 20 2 13 11 15 22 19 26 12 5 18 21 8 14 16 0
0 1 21 18 15 11 25 8 12 19 7 2 6 20 26 5 4 22 28 17 29 16 14 10 30 3 24 23 9 27 13 0
0 4 2 23 11 29 17 8 13 20 5 7 16 27 18 25 10 21 24 15 3 1 6 19 22 14 26 12 28 30 9 0
0 11 2 18 20 5 30 13 3 17 4 12 10 28 19 26 14 7 21 6 16 22 1 8 9 15 29 23 27 24 25 0
0 3 21 19 16 26 18 20 1 4 27 17 24 11 29 9 12 25 30 13 6 8 23 5 10 14 22 15 2 7 28 0
0 15 24 16 7 22 10 12 30 18 11 2 27 21 1 25 6 4 8 17 5 29 9 14 20 3 19 13 26 28 23 0
0 17 9 21 11 7 28 27 5 15 24 23 1 19 29 14 10 2 6 12 20 30 16 22 3 4 18 13 8 25 26 0
0 14 5 22 17 1 11 29 26 3 4 24 30 13 2 27 8 18 10 7 20 21 23 12 15 19 9 25 6 28 16 0
0 25 14 18 17 12 26 28 22 24 27 1 11 23 8 6 7 10 3 16 30 29 13 19 9 5 15 21 20 4 2 0
0 23 30 5 15 25 27 11 21 12 17 4 14 20 22 29 18 6 8 13 7 9 2 19 10 28 1 3 24 16 26 0
0 21 30 9 15 19 18 2 28 6 23 7 20 29 11 13 3 4 1 16 12 24 8 14 5 26 22 25 17 10 27 0
0 21 20 7 30 4 17 1 12 28 13 10 27 19 18 26 11 29 8 3 2 25 9 22 16 24 5 6 23 15 14 0
0 12 6 15 19 13 5 2 9 1 18 17 21 23 20 4 7 16 22 8 10 29 25 14 26 24 30 27 3 28 11 0
0 24 18 25 29 26 4 20 1 19 6 9 16 27 28 22 21 12 13 17 30 23 3 5 7 15 2 14 11 10 8 0
0 11 16 15 22 30 27 13 9 3 6 21 18 4 8 5 29 19 14 1 7 23 25 28 2 24 12 17 20 10 26 0
0 21 1 24 18 9 22 7 5 3 23 10 8 15 26 2 11 16 25 30 12 4 28 14 27 19 20 6 13 17 29 0
0 9 1 15 28 22 14 7 16 6 29 21 17 23 30 5 12 26 24 20 8 25 13 2 19 10 11 4 3 18 27 0
0 15 23 1 14 16 8 19 6 30 11 17 3 13 25 7 12 27 5 29 2 26 28 10 9 22 24 4 18 21 20 0
0 7 2 16 14 5 21 12 4 10 15 26 22 3 23 6 18 20 17 25 24 30 9 29 11 13 8 1 19 27 28 0
0 26 12 24 27 20 11 10 25 18 2 3 5 9 19 21 4 1 29 15 30 13 6 28 23 14 8 7 16 22 17 0
0 13 12 24 14 29 26 15 21 25 30 6 4 27 20 16 17 19 2 10 8 18 5 9 22 3 7 11 28 23 1 0
0 11 18 30 6 13 16 15 1 26 17 29 27 4 21 3 24 10 23 2 14 28 22 5 9 25 19 8 7 12 20 0
0 21 3 23 19 17 10 16 15 13 27 25 20 12 6 14 9 2 22 26 28 7 5 1 8 24 18 29 11 30 4 0
0 30 17 1 2 8 14 13 26 3 21 25 18 23 7 29 11 27 19 24 28 10 4 22 9 20 16 15 5 12 6 0
0 9 5 8 27 23 30 1 18 25 22 26 28 10 21 3 4 20 14 17 7 29 16 6 24 11 12 15 19 13 2 0
0 27 5 29 13 30 7 20 14 17 28 9 10 3 4 16 26 25 8 15 22 1 24 19 2 12 23 11 18 6 21 0
0 3 14 10 1 22 4 19 11 9 27 26 17 2 23 29 15 30 28 13 16 12 18 20 25 6 21 8 7 5 24 0
0 28 27 15 22 10 12 1 3 14 4 29 17 6 8 2 24 26 30 21 20 19 7 11 23 18 13 5 25 9 16 0
0 22 23 5 18 9 7 10 20 27 19 11 21 24 15 8 12 14 2 29 4 13 17 28 30 26 16 6 25 3 1 0
0 14 26 5 13 22 25 15 12 8 16 11 6 2 20 28 21 24 17 27 4 19 3 9 29 10 30 23 1 7 18 0
0 16 4 8 18 28 29 24 17 13 1 21 3 30 12 7 9 27 2 26 11 22 19 25 6 20 10 14 23 15 5 0
0 15 9 30 23 5 10 13 12 16 8 11 17 18 2 14 27 28 7 6 3 25 1 4 22 24 19 21 29 26 20 0
0 7 25 16 18 21 1 11 26 5 28 17 30 24 15 27 3 12 8 9 4 13 19 22 14 2 23 20 10 6 29 0
0 28 16 10 17 21 5 9 15 14 12 22 27 11 30 24 4 13 3 18 1 20 25 23 8 7 6 19 2 26 29 0
0 2 1 16 3 6 13 26 14 10 23 12 25 29 18 27 9 24 28 22 8 15 4 5 7 30 20 11 21 19 17 0
0 23 30 13 14 12 4 26 1 21 28 15 29 5 25 17 9 2 22 6 8 11 20 16 10 27 24 3 7 19 18 0
0 16 14 9 21 26 11 20 24 15 29 25 5 6 30 4 18 12 7 8 19 13 2 17 23 3 10 28 22 27 1 0
0 10 30 24 4 25 26 2 29 13 3 28 19 27 8 7 5 1 14 17 11 22 15 21 20 18 16 23 6 12 9 0
0 24 1 29 14 11 2 23 13 3 17 28 6 8 12 9 7 18 26 4 15 16 25 22 19 27 30 20 10 5 21 0
0 22 18 23 30 14 7 3 12 15 4 10 5 29 1 25 21 6 27 9 17 24 2 28 20 8 16 13 19 11 26 0
0 1 17 15 11 22 4 26 13 29 19 20 2 23 16 6 9 10 7 21 14 5 3 28 24 27 12 8 30 18 25 0
0 20 8 4 29 9 26 13 21 14 18 25 5 3 30 10 22 28 16 12 11 19 15 2 1 24 27 6 7 23 17 0
0 9 14 26 8 11 19 21 18 4 29 1 5 7 2 3 23 27 12 17 10 22 25 24 13 20 30 6 15 16 28 0
0 9 11 15 21 24 29 16 18 20 26 13 1 28 10 22 19 2 30 12 27 14 3 25 17 4 6 7 23 8 5 0
0 13 17 27 16 29 23 18 1 5 8 26 20 9 10 22 3 21 2 24 15 28 12 30 6 25 11 4 19 14 7 0
0 21 11 16 8 12 24 4 25 3 26 22 15 17 30 10 18 20 19 9 6 14 7 23 1 28 29 2 13 5 27 0
0 28 19 15 16 3 21 25 11 30 7 5 27 26 14 23 20 22 17 24 29 12 2 6 9 18 4 13 8 10 1 0
0 14 6 10 13 11 20 4 15 9 19 5 17 21 28 22 18 3 2 8 26 29 24 12 27 16 30 25 7 1 23 0
0 19 30 1 28 12 11 27 16 6 10 23 5 29 21 17 7 15 18 9 14 20 8 25 2 22 13 26 4 24 3 0
0 23 25 9 11 14 18 16 13 8 6 4 5 15 20 26 1 24 27 22 19 2 10 3 28 7 12 17 21 29 30 0
0 25 13 17 10 3 7 16 21 12 8 4 6 9 5 27 23 29 15 26 2 1 22 18 20 30 24 19 11 28 14 0
0 7 8 10 17 11 5 1 12 3 18 25 28 22 21 26 30 19 4 20 15 13 14 9 2 29 27 16 23 6 24 0
0 7 22 8 14 11 4 6 24 16 10 18 5 19 3 2 26 17 21 28 29 25 30 27 20 1 15 9 13 23 12 0
0 25 27 9 3 5 15 12 16 21 23 11 13 14 19 6 28 8 24 1 17 20 22 7 26 30 10 29 4 2 18 0
0 11 8 26 17 13 28 27 19 20 22 9 30 23 5 21 16 2 3 24 15 25 6 14 12 29 7 18 1 4 10 0
0 11 15 18 2 17 22 9 3 19 28 29 20 16 1 21 8 27 10 4 14 30 13 6 12 7 24 25 23 5 26 0
0 11 27 19 6 30 20 14 7 12 22 15 8 23 3 2 25 1 5 4 28 17 21 10 24 26 9 16 29 18 13 0
0 19 28 12 2 23 3 10 5 26 13 22 29 20 14 25 16 7 6 11 27 8 17 9 24 1 15 21 18 4 30 0
0 11 6 27 26 9 19 14 3 16 24 5 7 15 29 22 8 25 20 1 17 4 28 21 13 23 18 10 2 12 30 0
0 29 19 28 23 11 9 27 3 18 2 20 14 25 7 1 15 13 24 30 5 16 10 8 6 17 21 26 22 12 4 0
0 16 15 14 12 24 11 4 2 18 23 8 1 6 20 27 10 19 3 5 26 28 29 9 17 7 21 30 22 25 13 0
0 2 11 5 25 1 30 10 16 22 13 28 19 7 4 24 26 14 18 9 3 12 21 27 23 8 15 29 20 6 17 0
0 29 8 26 13 22 11 25 21 30 23 28 1 18 10 7 16 9 6 3 2 17 12 4 20 19 14 15 27 5 24 0
0 23 25 28 26 14 6 20 11 30 21 29 22 4 24 9 10 13 19 2 3 17 27 8 18 12 5 16 7 15 1 0
0 1 19 28 30 12 6 7 22 10 8 17 16 9 5 24 15 18 3 21 26 14 2 20 11 13 29 25 4 23 27 0
0 4 10 24 19 9 22 27 1 7 23 5 28 26 8 13 25 11 6 17 12 30 3 14 20 16 21 29 18 15 2 0
0 24 20 13 22 4 7 14 3 25 2 21 30 1 26 8 15 9 11 10 18 6 27 28 29 19 5 16 17 23 12 0
0 16 12 13 19 4 28 20 7 17 6 3 14 26 10 5 23 27 1 30 15 24 21 18 2 8 25 9 29 11 22 0
0 29 7 26 10 2 30 17 20 19 25 11 28 12 1 5 8 4 22 15 3 6 9 13 14 18 21 23 16 27 24 0
0 21 9 23 14 11 18 12 7 6 20 2 19 16 30 28 27 4 3 26 13 17 29 10 22 1 5 8 25 24 15 0
0 7 18 6 24 3 4 9 15 17 2 14 12 5 19 29 27 28 10 22 21 30 25 20 26 8 23 11 1 13 16 0
0 23 26 25 18 2 21 28 13 9 20 29 6 12 27 3 8 24 10 22 11 4 19 7 30 1 15 16 14 17 5 0
0 27 28 4 6 8 11 16 9 13 17 21 30 5 3 18 15 10 2 26 7 14 19 29 24 25 12 20 22 23 1 0
0 11 4 25 19 22 27 7 6 17 23 29 3 10 12 5 20 16 8 13 2 21 24 26 1 28 15 18 30 9 14 0
0 12 14 5 15 11 4 17 27 20 29 24 10 23 2 21 13 8 1 28 16 25 18 9 6 7 19 22 26 3 30 0
0 20 19 9 16 28 13 14 18 7 11 24 1 27 23 25 12 2 30 29 17 22 4 21 6 3 15 5 10 8 26 0
0 22 25 13 28 29 19 3 17 12 4 18 15 21 2 16 30 8 26 10 7 24 6 9 1 23 5 14 20 27 11 0
0 12 19 23 18 17 8 14 15 28 27 7 22 25 13 16 6 4 30 11 20 10 24 29 21 3 26 2 1 5 9 0
0 21 8 10 14 15 19 18 3 6 2 1 13 9 11 28 20 5 12 22 17 29 25 26 30 7 24 4 16 23 27 0
0 23 9 26 20 6 8 25 16 2 5 21 30 1 28 10 27 11 29 15 14 18 24 22 12 17 3 4 7 13 19 0
0 5 11 12 29 9 6 3 7 8 30 18 23 15 16 24 4 28 2 20 14 13 25 17 21 22 1 27 10 26 19 0
0 23 29 7 11 18 16 10 14 27 20 8 1 19 30 21 25 28 17 6 12 26 5 22 15 3 13 4 2 9 24 0
0 11 20 22 26 17 14 2 29 8 24 27 4 5 13 12 23 21 3 10 28 7 25 1 30 6 18 9 16 19 15 0
0 18 15 26 13 25 11 30 28 21 5 19 12 1 16 6 17 29 27 4 8 9 14 3 24 22 10 2 7 20 23 0
0 9 3 11 2 8 15 6 28 13 17 4 1 14 16 18 12 10 25 22 5 24 30 19 23 26 20 7 21 27 29 0
0 2 9 21 30 12 22 15 13 18 3 16 5 17 29 10 28 20 7 19 1 24 6 11 25 26 27 8 23 4 14 0
0 1 13 22 11 17 15 18 28 21 30 16 27 3 12 10 19 5 23 29 24 8 4 26 9 20 7 2 14 25 6 0
0 24 23 4 30 22 5 18 14 7 28 10 9 1 25 27 15 17 3 11 29 26 20 21 6 13 2 12 19 16 8 0
0 1 27 10 4 16 18 8 19 12 9 28 7 23 6 14 24 30 22 13 26 2 3 20 15 11 25 21 17 5 29 0
0 7 27 3 6 19 20 8 23 13 5 17 16 30 28 4 15 1 11 21 12 26 14 25 10 9 22 29 2 24 18 0
0 2 14 15 23 20 18 24 5 3 7 19 1 8 13 21 12 27 29 26 28 4 22 6 25 10 16 17 11 30 9 0
0 30 28 25 26 22 14 29 24 4 12 23 16 6 3 21 13 8 27 15 1 7 19 11 18 10 5 20 9 2 17 0
0 22 24 4 16 10 17 6 3 23 13 9 19 26 18 12 2 29 14 20 27 25 11 15 21 28 1 5 8 7 30 0
0 4 2 8 20 6 24 25 30 15 3 13 22 21 9 14 28 7 19 5 1 26 18 10 27 17 29 12 16 11 23 0
0 17 7 5 27 3 24 6 30 2 11 14 29 8 26 9 23 1 20 15 21 25 16 22 18 28 13 4 10 19 12 0
0 29 15 14 22 25 3 9 20 4 17 6 12 2 30 8 21 27 10 26 19 24 18 5 11 16 13 1 23 7 28 0
0 28 23 8 13 2 30 29 18 21 6 17 1 22 16 15 14 25 4 12 24 19 11 7 26 9 5 10 20 27 3 0
0 7 5 18 12 4 22 28 25 13 29 27 20 10 1 30 6 11 15 24 16 3 19 2 23 9 8 14 26 17 21 0
0 30 6 25 11 18 22 29 9 15 21 7 13 5 24 16 2 20 8 19 10 26 1 23 12 17 27 4 14 3 28 0
0 17 29 1 20 27 30 9 11 16 6 13 28 12 8 10 2 25 24 21 7 23 19 14 5 22 15 3 18 26 4 0
0 5 29 3 21 26 7 2 11 24 4 6 20 12 22 16 28 25 1 13 18 27 17 8 10 19 9 30 23 15 14 0
0 25 19 20 6 11 4 21 24 16 9 18 1 28 7 3 17 26 14 5 12 10 15 13 22 23 27 2 8 29 30 0
0 6 23 16 10 9 18 4 26 30 19 13 5 15 8 2 21 28 7 12 22 11 17 1 14 29 25 3 27 20 24 0
0 8 19 1 17 12 16 23 30 13 2 4 9 22 6 25 3 20 15 18 14 11 21 29 24 27 10 5 26 7 28 0
0 25 26 11 12 29 14 10 15 2 9 24 21 5 8 19 28 7 22 20 16 17 23 13 4 18 1 30 3 27 6 0
0 1 24 29 2 5 26 9 16 15 10 8 12 28 13 14 7 18 25 22 19 21 27 4 23 20 17 11 3 30 6 0
0 21 15 23 13 8 7 5 14 22 27 26 25 3 20 6 11 19 10 28 1 17 24 12 9 18 2 16 30 4 29 0
0 2 4 15 7 8 19 24 22 29 10 6 23 28 27 20 30 18 26 16 1 14 21 3 5 13 25 9 11 12 17 0
0 18 1 8 16 12 2 3 19 21 17 30 23 26 10 24 11 29 15 9 7 20 14 5 27 6 13 4 25 22 28 0
0 5 8 19 2 28 9 25 10 1 3 22 14 4 18 24 26 27 20 29 17 7 30 13 16 21 11 15 12 6 23 0
0 26 19 16 4 11 5 6 3 21 12 22 13 8 17 27 1 20 2 7 14 25 10 29 9 28 30 24 18 15 23 0
0 27 19 7 17 3 18 25 23 30 21 14 22 11 8 2 10 20 13 26 5 28 29 1 12 15 16 24 6 4 9 0
0 16 9 13 15 20 29 6 23 3 4 19 25 14 24 1 8 10 22 18 21 7 30 11 2 27 5 28 26 17 12 0
0 25 12 5 13 16 27 19 30 1 28 4 21 18 20 3 2 24 8 14 6 11 22 9 10 23 29 26 17 7 15 0
0 5 1 9 29 12 28 30 16 13 6 21 7 17 14 22 20 15 24 18 3 2 19 26 25 8 27 10 11 23 4 0
0 28 25 23 27 14 21 11 30 10 24 13 22 16 12 29 4 18 7 1 3 8 15 19 6 2 5 20 17 26 9 0
0 12 11 15 8 9 25 3 26 29 16 5 19 20 14 7 13 21 18 4 30 17 27 23 2 1 6 10 24 28 22 0
0 8 18 19 7 4 12 25 27 5 29 2 17 6 11 20 24 9 26 21 22 14 10 3 23 15 30 13 1 16 28 0
0 30 6 18 26 19 22 10 13 2 20 27 7 12 1 17 8 25 4 21 3 11 5 16 28 24 23 15 9 29 14 0
0 25 8 15 3 14 7 2 5 1 28 19 9 10 29 27 18 17 22 21 23 16 26 12 24 30 4 20 6 11 13 0
0 20 18 4 17 10 14 27 5 30 28 3 8 21 13 24 26 22 1 2 23 16 11 15 29 25 12 9 6 19 7 0
0 17 9 3 21 5 4 20 8 7 28 24 6 23 18 25 15 26 27 12 16 11 22 19 10 1 13 29 14 30 2 0
0 18 28 29 1 3 10 14 7 11 4 21 16 17 6 19 9 25 23 26 13 8 27 2 15 12 5 20 24 22 30 0
0 5 23 18 30 17 14 7 13 15 3 28 1 26 8 10 12 19 4 6 9 21 24 22 11 20 29 27 16 2 25 0
0 19 22 1 3 17 7 21 8 10 28 5 14 25 20 30 4 12 11 29 18 27 6 16 26 2 13 15 9 23 24 0
0 24 18 7 9 17 2 16 5 11 6 29 13 10 22 12 3 14 28 4 1 26 23 20 21 30 8 19 15 25 27 0
0 4 13 18 16 26 10 20 15 19 30 12 8 17 3 7 5 22 6 9 2 28 11 14 25 24 21 29 23 27 1 0
0 26 6 8 16 21 11 27 17 25 2 10 20 1 3 22 5 24 23 19 18 29 13 14 30 12 7 28 9 15 4 0
0 1 18 12 9 26 29 5 15 10 19 21 6 7 23 2 28 4 25 27 20 8 30 16 13 14 11 3 22 17 24 0
0 5 19 24 25 4 15 9 1 14 28 30 11 18 2 26 17 20 7 23 16 22 6 21 27 10 8 12 13 29 3 0
0 29 17 24 26 14 2 19 4 22 11 21 23 5 3 30 12 7 20 8 28 15 1 9 16 18 27 6 25 13 10 0
0 7 22 21 14 23 5 29 11 13 24 25 6 30 10 28 19 12 8 26 20 16 3 9 18 15 17 1 4 27 2 0
0 13 16 25 10 7 23 12 17 4 11 24 18 26 6 2 22 14 15 29 19 30 9 28 8 27 5 20 1 21 3 0
0 1 2 8 14 23 25 5 11 16 6 15 18 30 20 21 13 26 29 7 17 3 4 10 27 19 22 28 9 12 24 0
0 8 24 27 15 1 5 18 25 7 6 17 19 23 9 2 10 11 30 16 14 28 4 29 22 26 21 20 12 3 13 0
0 28 21 24 18 26 30 14 1 5 22 23 8 11 3 25 10 9 13 7 4 20 27 29 15 16 6 12 17 2 19 0
0 12 17 18 2 26 7 25 9 16 14 6 23 4 13 1 28 27 19 24 29 5 20 21 15 10 3 8 11 22 30 0
0 7 3 23 17 18 9 26 13 10 25 8 2 5 20 12 15 19 22 14 1 16 4 27 30 28 11 29 6 21 24 0
0 3 27 12 10 2 19 14 28 7 26 16 9 18 17 13 25 5 20 22 23 11 4 30 8 1 21 15 29 6 24 0
0 13 5 4 20 6 19 1 7 12 21 3 28 22 24 25 18 9 11 10 16 26 30 8 27 14 29 23 2 17 15 0
0 8 23 25 6 21 22 1 3 10 26 16 24 27 4 2 13 30 9 19 17 7 14 11 15 18 29 5 12 28 20 0
0 22 8 23 9 27 25 13 2 4 21 6 14 10 24 28 7 16 5 17 18 20 29 26 3 30 15 12 11 19 1 0
0 16 29 30 24 4 9 15 23 3 7 28 22 17 20 8 10 25 6 1 27 14 2 19 12 26 18 21 13 5 11 0
0 22 25 29 2 15 4 9 26 16 8 14 10 23 11 28 17 21 5 3 6 13 19 30 18 27 20 7 1 12 24 0
0 2 28 30 12 24 27 13 7 5 16 10 21 17 23 19 20 25 29 14 22 18 3 9 6 26 15 1 4 11 8 0
0 13 9 5 28 2 30 1 22 8 6 4 23 29 27 24 7 10 21 12 19 3 17 20 11 16 15 25 18 14 26 0
0 11 4 6 7 8 27 25 19 29 13 30 17 21 1 3 2 9 14 5 18 23 10 15 28 16 24 20 26 22 12 0
0 27 15 2 23 1 25 10 11 29 3 4 6 13 12 28 18 19 16 8 9 7 17 14 5 26 21 22 30 20 24 0
0 22 12 20 1 24 14 9 5 11 27 3 15 29 28 10 7 25 6 26 2 19 16 21 4 23 17 18 30 8 13 0
0 6 29 18 4 1 11 7 19 16 14 17 27 28 10 23 25 8 15 13 26 2 24 21 9 12 20 5 22 3 30 0
0 16 4 24 17 13 22 21 7 27 1 5 18 30 10 2 11 9 14 20 3 23 12 6 28 15 29 26 25 19 8 0
0 10 28 14 29 7 24 26 15 2 23 3 6 19 21 13 1 30 4 5 16 25 22 18 11 8 9 17 27 12 20 0
0 11 7 23 18 2 12 6 14 20 15 25 3 30 9 1 26 27 8 24 16 22 19 5 4 21 17 28 13 10 29 0
0 15 4 29 25 12 28 26 7 14 18 22 10 2 27 21 17 19 24 23 13 5 11 8 3 1 30 9 6 16 20 0
0 24 5 3 30 23 21 16 17 29 4 2 13 8 19 18 1 25 28 14 22 20 10 9 12 11 15 27 6 7 26 0
0 6 7 15 28 25 5 10 12 26 18 17 4 16 11 29 14 3 30 20 21 22 13 23 9 2 24 27 19 8 1 0
0 30 25 11 7 27 22 29 14 10 17 21 12 1 23 5 4 2 20 6 18 16 24 19 13 9 15 26 8 3 28 0
0 8 14 21 2 15 23 27 7 13 18 25 6 9 10 19 20 26 3 11 24 17 1 28 29 22 16 12 5 4 30 0
0 2 23 29 18 24 8 6 11 19 17 5 27 9 16 14 28 20 12 26 7 3 21 30 10 13 4 15 22 1 25 0
0 7 29 25 27 20 18 15 30 3 26 8 11 24 12 10 9 6 19 22 1 14 21 17 16 13 23 28 5 4 2 0
0 11 21 10 9 3 23 28 24 30 4 25 7 19 16 18 2 5 29 22 1 20 13 15 27 12 17 14 8 6 26 0
0 23 24 13 7 12 14 20 3 30 2 8 27 21 5 10 28 22 17 19 29 26 18 25 6 9 16 1 15 11 4 0
0 2 5 12 7 16 24 14 19 21 13 20 29 9 8 27 28 15 23 25 3 10 22 11 18 4 6 17 1 30 26 0
0 17 7 6 30 28 13 10 26 9 12 18 21 25 16 1 11 20 8 14 3 4 27 29 19 22 5 15 23 2 24 0
0 21 11 6 5 15 13 19 9 25 4 20 12 24 8 7 29 30 17 2 26 28 16 22 10 23 18 1 27 3 14 0
0 30 27 8 29 16 9 28 23 15 18 22 12 25 20 2 1 14 13 5 3 17 6 4 26 21 10 19 11 24 7 0
0 23 12 20 24 16 30 27 21 7 25 9 17 2 5 10 6 13 8 15 3 11 1 14 22 18 29 26 19 4 28 0
0 3 11 12 17 18 4 10 5 21 7 2 14 23 24 22 29 25 30 6 20 28 15 9 13 19 1 27 8 16 26 0
0 21 5 4 27 29 12 22 2 1 16 13 10 3 14 19 17 18 28 23 6 26 7 30 11 25 15 8 9 20 24 0
0 12 1 18 25 9 29 14 21 5 7 10 30 8 22 2 20 17 15 24 19 27 6 28 13 16 11 3 23 4 26 0
0 10 29 25 17 11 23 6 7 20 21 15 26 24 22 13 3 1 18 16 8 12 27 4 19 30 9 14 2 5 28 0
0 16 29 6 10 19 7 22 23 4 5 12 25 30 21 26 28 24 15 11 27 3 14 1 18 8 13 20 2 9 17 0
0 3 24 10 6 14 28 9 5 16 13 8 15 7 30 1 22 4 23 26 27 12 21 19 17 18 29 20 25 2 11 0
0 15 12 2 13 29 26 30 24 22 20 1 17 5 18 3 11 21 23 27 9 10 7 16 8 25 6 14 19 4 28 0
0 8 7 13 22 5 26 19 17 23 4 21 9 14 11 16 29 1 2 25 18 6 20 10 30 15 28 24 3 27 12 0
0 14 19 5 13 21 24 29 23 16 15 2 22 8 25 4 1 7 10 20 3 18 28 11 6 26 12 17 27 30 9 0
0 16 21 14 23 11 29 3 8 18 2 30 24 4 17 25 12 6 1 9 27 15 13 26 28 20 22 7 19 10 5 0
0 14 5 8 25 28 30 6 24 2 17 12 4 1 22 21 29 20 11 3 13 26 10 19 18 9 7 27 15 23 16 0
0 1 5 18 22 4 16 28 14 15 6 11 29 12 26 23 7 19 21 24 8 30 9 25 27 2 10 17 20 13 3 0
0 30 1 4 2 9 29 25 6 10 20 12 21 22 17 14 16 13 15 23 11 18 8 7 19 3 26 27 24 28 5 0
0 10 11 3 25 27 24 4 23 2 16 17 20 14 19 18 6 28 1 30 8 22 7 9 26 5 12 13 29 15 21 0
0 29 24 21 19 22 1 3 27 26 15 12 17 9 10 30 11 20 23 2 8 6 13 28 7 14 18 4 5 25 16 0
0 13 4 21 3 11 5 30 29 20 22 6 23 12 25 1 27 18 28 7 2 24 14 26 9 19 8 10 15 16 17 0
0 23 3 12 22 21 19 30 16 15 10 24 20 29 17 6 13 11 26 5 27 18 25 1 9 14 7 2 8 28 4 0
0 23 25 27 13 1 22 12 4 5 30 14 15 11 6 26 18 20 10 3 16 28 7 2 19 17 21 8 24 29 9 0
0 12 21 10 25 29 24 15 9 11 2 14 30 19 13 18 1 5 27 28 22 16 8 7 3 17 23 4 26 6 20 0
0 3 12 9 13 26 14 21 1 23 19 22 4 25 16 11 2 15 17 27 5 18 10 6 24 20 7 30 28 29 8 0
0 9 17 8 25 2 24 6 22 16 4 3 7 29 30 27 1 10 28 21 11 18 13 15 20 23 19 5 26 14 12 0
0 25 15 17 26 22 1 30 3 12 8 11 6 21 23 16 7 27 29 19 14 2 5 18 24 13 9 4 28 10 20 0
0 9 30 11 23 6 19 13 8 12 17 5 10 25 4 21 29 16 2 18 20 3 26 22 1 27 7 14 24 15 28 0
0 7 21 1 4 28 27 22 2 9 29 15 16 17 19 6 12 26 25 20 13 30 3 14 8 5 24 10 11 23 18 0
0 29 25 20 16 3 11 21 12 5 19 17 10 28 23 9 7 1 2 26 22 6 13 30 4 27 14 15 18 24 8 0
0 18 28 11 19 6 4 7 23 24 12 30 25 20 16 27 29 1 3 15 8 13 14 2 10 9 26 21 17 22 5 0
0 9 7 14 23 22 27 18 19 10 12 15 5 2 1 11 30 6 16 13 26 29 24 17 4 8 25 28 3 21 20 0
0 25 20 1 13 17 29 19 15 3 23 27 22 16 18 12 10 7 21 2 11 6 30 28 26 8 24 4 5 9 14 0
0 26 30 11 21 17 9 7 6 13 12 20 19 16 28 8 2 25 27 3 5 24 14 4 29 1 15 10 22 23 18 0
0 3 30 6 2 23 4 19 13 20 5 1 25 7 9 17 29 21 10 14 28 24 11 8 12 26 16 27 15 22 18 0
0 28 14 29 27 25 4 15 16 8 6 1 2 21 19 23 12 3 5 24 10 20 30 17 18 9 26 13 22 7 11 0
0 2 24 16 21 9 15 27 25 11 8 14 23 5 28 3 29 4 1 12 26 19 20 7 30 22 6 18 10 17 13 0
0 1 27 4 7 5 9 3 2 21 20 18 10 8 22 23 28 19 17 11 29 14 25 12 26 6 16 15 13 30 24 0
0 8 30 9 18 1 11 14 15 13 28 23 20 24 17 5 19 26 3 29 4 27 22 10 21 12 25 6 2 7 16 0
0 19 14 4 3 9 1 5 11 17 23 24 29 10 30 26 15 12 22 25 20 16 6 21 8 28 13 27 7 2 18 0
0 13 15 10 28 30 14 22 6 3 17 29 7 20 4 11 18 12 1 27 8 9 24 19 25 16 23 2 26 21 5 0
0 17 1 8 13 29 14 3 22 30 15 6 4 9 16 23 10 2 11 5 7 25 19 21 12 20 24 26 18 27 28 0
0 10 24 8 13 14 27 20 26 30 18 11 17 15 3 25 29 5 22 16 28 4 12 7 21 1 2 19 6 9 23 0
0 25 9 28 27 10 22 5 30 11 2 15 24 13 1 20 19 17 7 12 14 29 4 18 16 23 6 3 26 21 8 0
0 11 16 5 26 25 23 17 2 19 18 21 6 22 9 28 27 13 4 8 12 20 1 30 14 10 15 24 7 29 3 0
0 25 13 4 19 18 3 1 24 6 29 23 16 7 14 5 17 30 26 11 9 15 8 21 28 27 20 22 10 12 2 0
0 20 22 28 16 11 13 12 2 18 4 30 26 21 9 1 3 7 23 17 10 6 19 14 5 25 27 8 15 24 29 0
0 16 20 27 10 12 28 23 22 1 4 18 9 8 11 15 29 19 7 2 24 5 6 14 3 13 26 21 30 25 17 0
0 14 10 19 21 20 11 2 6 7 24 9 22 3 29 25 15 8 5 12 13 16 18 30 26 1 23 17 27 28 4 0
0 25 12 10 28 23 9 14 13 18 26 20 11 5 1 6 21 19 30 3 16 15 7 22 4 2 29 17 8 27 24 0
0 28 16 2 5 4 27 8 19 11 20 7 23 14 12 29 6 21 30 9 1 15 24 10 17 22 3 18 26 13 25 0
0 25 23 8 4 11 12 27 17 13 10 9 2 6 26 22 14 18 15 21 7 28 16 3 29 19 1 20 5 24 30 0
0 3 7 24 18 8 22 20 5 10 19 11 25 6 29 13 12 2 17 23 26 15 1 14 27 30 28 9 4 16 21 0
0 14 23 26 9 11 15 8 24 20 29 19 25 3 28 5 21 17 7 4 13 2 22 6 16 10 30 1 18 27 12 0
0 5 23 12 1 24 13 2 29 26 15 7 25 30 16 18 4 3 17 28 14 27 10 19 6 8 21 9 11 20 22 0
0 17 9 26 8 23 10 11 18 14 29 27 19 15 28 7 5 3 13 1 12 16 21 20 22 25 24 30 4 2 6 0
0 12 17 13 28 22 20 25 7 11 16 19 8 3 23 10 27 14 30 2 24 26 21 29 9 6 1 4 15 5 18 0
0 25 6 3 24 10 12 16 18 5 28 15 14 4 2 21 8 22 1 19 20 11 7 29 17 30 26 27 9 23 13 0
0 24 14 16 29 10 21 17 5 15 18 4 2 12 25 20 11 28 26 1 3 7 23 9 8 22 19 27 13 30 6 0
0 20 28 6 25 2 4 12 8 30 19 3 26 11 29 22 5 15 1 7 27 9 18 13 23 17 16 10 24 21 14 0
0 22 20 24 26 3 10 4 1 13 11 29 15 12 16 17 28 25 14 8 27 18 6 5 30 2 9 19 21 7 23 0
0 18 23 2 22 28 25 10 26 4 7 3 21 11 5 19 8 9 30 20 15 6 14 16 12 24 1 27 29 13 17 0
0 21 18 6 19 16 5 13 29 14 22 25 23 30 2 26 12 1 4 11 8 15 28 20 17 3 7 9 27 10 24 0
0 13 26 25 9 12 16 28 11 7 14 19 4 3 21 30 18 17 15 29 6 10 27 5 22 8 1 23 20 24 2 0
0 13 21 12 3 10 29 8 16 18 7 6 27 23 14 17 15 25 24 20 2 11 4 1 5 30 28 19 26 22 9 0
0 3 30 15 18 17 1 26 20 5 23 28 29 22 21 11 4 14 8 9 2 12 10 7 19 25 13 16 27 6 24 0
0 7 5 23 18 20 16 19 24 27 10 1 12 15 30 29 11 28 14 26 13 25 2 6 4 17 9 21 22 3 8 0
0 21 26 6 12 23 24 15 5 10 7 17 14 1 20 28 13 25 19 9 2 27 30 22 8 3 16 29 4 11 18 0
0 12 29 8 7 17 30 11 21 22 9 27 5 28 23 25 16 3 6 4 20 19 1 24 10 15 2 13 26 18 14 0
0 13 19 20 9 18 29 8 27 6 17 3 30 7 26 11 14 12 28 5 23 4 16 22 21 24 15 2 25 1 10 0
0 7 8 14 9 3 2 19 20 27 1 12 11 23 16 6 22 17 5 24 15 25 13 28 21 4 18 30 26 10 29 0
0 30 28 20 2 3 9 22 27 17 26 1 15 14 24 12 29 6 4 5 13 16 7 18 25 23 8 11 10 19 21 0
0 3 22 20 17 23 6 14 12 19 27 11 2 10 28 5 30 16 13 15 25 29 4 24 21 7 26 18 1 9 8 0
0 27 24 13 16 14 5 17 3 11 23 7 30 15 19 26 28 21 12 4 8 18 2 6 25 1 20 9 29 10 22 0
0 19 5 22 27 4 14 24 30 18 10 21 7 26 25 2 13 28 3 9 15 11 29 12 17 20 6 1 8 16 23 0
0 29 17 18 20 24 6 25 27 14 15 2 5 30 9 4 22 3 19 23 7 1 21 28 8 16 26 10 13 12 11 0
0 3 4 24 22 12 10 8 5 19 28 14 27 26 6 15 9 25 17 30 21 1 20 7 18 29 16 11 23 13 2 0
0 11 1 8 13 16 5 19 7 17 6 28 25 10 18 9 15 20 29 4 27 12 14 2 23 26 30 22 21 3 24 0
0 13 26 23 24 20 10 6 4 14 3 28 9 17 11 1 21 25 19 7 12 15 18 30 8 29 22 16 2 27 5 0
0 27 2 1 8 23 24 25 20 29 16 7 17 11 30 9 13 21 28 22 3 19 6 18 10 4 5 14 15 12 26 0
0 28 23 27 26 14 6 22 17 18 15 21 8 30 29 19 20 11 13 1 12 3 10 9 25 5 2 24 7 16 4 0
0 3 28 7 20 16 6 15 5 23 9 25 2 1 10 22 30 12 27 4 17 8 29 18 24 21 26 14 11 13 19 0
0 6 28 5 20 1 13 16 17 12 19 10 2 3 4 18 25 11 27 8 30 7 22 21 24 14 23 9 29 26 15 0
0 25 3 27 22 24 19 14 8 1 20 2 11 6 12 5 28 26 21 23 15 29 16 30 17 13 18 4 7 9 10 0
0 11 16 29 19 25 6 10 7 20 21 18 26 24 12 17 30 15 2 8 4 3 22 5 23 13 14 27 9 28 1 0
0 22 25 15 11 6 8 13 28 2 18 24 3 30 21 14 4 26 29 20 27 17 23 10 19 9 7 16 5 12 1 0
0 5 16 29 18 30 1 2 8 11 10 23 12 27 28 3 25 21 14 22 7 4 15 9 19 24 20 26 13 6 17 0
0 28 16 15 2 3 1 18 25 6 27 12 17 13 29 14 23 9 24 22 26 19 8 11 30 7 10 20 5 4 21 0
0 10 19 12 6 27 11 20 2 18 16 4 3 23 26 5 21 9 7 14 22 24 15 28 25 17 8 1 29 13 30 0
0 18 6 12 10 9 22 14 2 29 7 8 11 24 19 3 25 1 4 15 17 21 5 13 26 28 30 23 16 27 20 0
0 1 22 19 20 4 10 8 16 9 25 11 6 2 24 27 26 21 15 7 12 28 3 18 17 29 13 14 30 5 23 0
0 4 5 15 17 13 19 9 8 1 22 26 6 24 16 7 30 27 3 29 20 25 10 23 12 14 28 2 21 11 18 0
0 30 18 4 8 14 24 21 23 11 13 2 19 27 26 29 1 15 6 25 9 16 12 28 22 3 17 10 7 5 20 0
0 1 23 4 30 24 5 27 28 2 16 18 15 6 17 11 26 12 3 8 29 7 13 22 20 19 14 10 25 21 9 0
0 17 25 18 10 7 14 13 29 12 24 1 3 15 26 8 23 20 6 9 30 28 16 27 2 11 4 21 19 22 5 0
0 12 3 10 18 28 20 23 26 27 11 29 22 7 25 21 8 9 4 1 30 16 13 6 5 15 14 19 17 2 24 0
0 5 4 7 9 16 15 27 13 18 19 14 6 30 23 20 11 28 26 12 25 3 24 1 21 22 29 10 8 17 2 0
0 17 25 29 27 1 11 3 30 16 21 2 20 26 13 6 19 4 14 24 18 7 28 15 9 23 5 10 12 8 22 0
0 17 18 19 15 4 21 1 27 26 16 11 8 3 5 24 7 2 12 22 29 6 20 14 10 13 9 25 30 23 28 0
0 10 2 6 9 18 4 29 14 17 11 22 27 16 1 15 30 21 19 20 25 7 24 3 13 26 8 12 23 28 5 0
0 8 28 21 12 2 23 15 24 7 1 19 13 10 9 3 20 30 26 14 29 16 6 4 17 27 25 11 18 22 5 0
0 9 22 20 29 1 15 17 7 24 28 8 30 18 6 14 16 3 2 12 13 10 19 25 27 11 5 23 21 26 4 0
0 26 12 17 6 15 20 9 29 14 8 5 21 28 18 11 25 4 1 2 24 27 13 10 3 7 19 16 30 22 23 0
0 19 11 7 20 24 3 1 21 10 15 30 23 27 29 5 17 25 12 22 8 2 28 18 26 16 6 14 9 13 4 0
0 30 8 16 2 20 10 11 24 13 14 19 27 28 7 29 4 22 25 26 5 9 1 17 6 12 3 23 15 18 21 0
0 10 29 21 8 4 6 20 3 13 7 5 15 16 27 2 11 22 9 30 23 14 28 18 19 1 24 17 25 26 12 0
0 30 26 9 6 15 5 25 24 4 13 10 19 21 8 28 7 18 1 17 11 16 14 3 22 2 27 29 23 12 20 0
0 22 26 12 14 16 3 29 18 24 6 17 7 2 9 10 23 19 13 4 5 20 21 25 15 28 27 8 30 11 1 0
0 25 22 2 29 11 12 7 1 23 6 30 4 3 26 10 24 17 13 5 8 9 20 18 15 19 16 27 21 28 14 0
0 3 6 4 12 23 29 7 27 20 1 28 22 11 17 10 19 16 24 14 18 8 15 26 2 5 25 9 30 13 21 0
0 24 12 13 6 2 25 20 4 21 22 30 10 1 19 7 28 27 16 11 23 8 9 3 18 29 15 5 26 17 14 0
0 26 28 12 18 8 17 27 13 15 30 7 4 23 19 6 1 10 14 22 25 21 24 5 29 11 3 16 20 2 9 0
0 19 9 13 29 22 25 5 27 6 30 18 3 20 28 21 1 10 16 4 15 7 26 17 2 23 24 12 8 14 11 0
0 27 11 18 9 15 6 29 7 10 20 25 8 21 19 5 12 26 2 23 17 28 3 16 1 13 14 24 4 22 30 0
0 7 24 4 5 9 26 8 3 21 10 28 19 18 29 14 6 12 25 20 13 11 15 22 17 27 23 16 30 1 2 0
0 19 17 18 29 22 7 2 21 27 8 5 20 12 10 3 16 25 6 9 23 13 4 28 15 14 30 1 24 11 26 0
0 18 6 5 8 27 15 28 1 20 16 24 23 4 19 22 9 3 21 13 17 10 29 2 14 12 7 26 11 25 30 0
0 25 28 21 20 26 6 17 18 14 3 16 5 24 11 4 7 9 30 15 29 12 1 2 23 19 8 27 10 22 13 0
0 12 2 22 26 6 1 28 19 7 9 10 29 5 14 11 17 30 23 27 16 13 15 25 3 20 21 24 4 18 8 0
0 15 21 13 16 7 4 10 14 29 9 5 23 26 27 3 8 20 25 22 11 6 1 18 24 17 12 28 2 30 19 0
0 27 28 10 21 26 24 18 5 6 4 15 2 19 17 30 13 20 11 12 9 29 16 14 3 1 23 7 8 22 25 0
0 3 20 29 28 4 18 12 23 2 26 8 14 10 25 21 16 15 22 17 27 5 1 11 24 7 30 6 19 9 13 0
0 4 7 28 25 20 18 26 15 17 12 3 14 19 30 13 11 2 23 24 1 29 5 6 8 16 22 21 9 10 27 0
0 28 25 12 16 15 2 23 7 21 10 4 27 17 22 18 20 30 5 9 6 29 13 3 14 19 24 26 8 11 1 0
0 11 23 6 9 1 12 18 20 21 27 29 17 8 5 14 15 16 24 28 4 25 13 22 10 3 2 7 19 26 30 0
0 23 21 5 2 15 1 12 14 30 11 8 10 4 6 13 16 27 25 3 17 22 7 28 18 9 19 29 24 20 26 0
0 29 14 11 24 8 22 2 7 18 6 15 12 21 30 3 9 10 13 19 20 25 26 1 23 5 16 28 4 27 17 0
0 17 2 9 24 27 7 20 5 8 12 29 3 18 10 23 15 1 6 22 13 28 26 19 4 11 16 30 21 14 25 0
0 14 23 3 1 8 13 11 10 20 27 4 21 30 12 2 7 28 15 5 29 16 9 22 17 26 18 19 25 6 24 0
0 9 16 23 20 5 7 27 13 11 1 12 21 8 15 3 24 30 6 17 29 4 26 18 10 19 14 2 25 28 22 0
0 13 1 6 27 17 4 2 8 22 12 24 3 25 20 28 29 23 9 7 30 10 14 19 21 5 26 11 16 15 18 0
0 12 22 29 7 17 3 4 2 15 9 5 24 23 21 18 16 28 27 6 26 13 19 14 8 25 30 10 11 20 1 0
0 26 16 21 6 4 13 3 24 17 23 27 7 15 20 11 29 22 19 9 2 12 25 30 5 28 8 1 18 14 10 0
0 2 9 6 14 5 3 27 12 1 29 22 30 19 17 11 18 26 7 25 10 13 24 8 21 23 20 16 15 28 4 0
0 28 6 9 15 20 27 26 30 29 8 22 1 11 16 21 7 3 12 4 23 2 17 24 5 18 25 14 10 13 19 0
0 15 16 28 22 13 19 8 12 9 18 7 5 23 4 11 29 27 17 3 30 20 6 1 14 21 24 2 10 26 25 0
0 2 11 1 12 3 25 20 29 8 15 24 26 23 5 4 27 28 22 13 14 16 21 19 7 18 10 6 9 30 17 0
0 12 9 14 3 6 23 16 30 25 2 19 8 13 7 10 29 15 1 28 27 26 5 21 24 20 11 4 18 17 22 0
0 22 9 21 25 20 28 7 17 26 19 5 6 4 12 24 11 10 29 16 13 2 30 18 3 23 1 15 8 14 27 0
0 3 22 12 4 5 29 2 6 18 30 23 11 21 8 24 13 1 16 10 28 7 27 15 19 14 9 26 20 25 17 0
0 22 30 11 7 20 1 4 5 17 21 29 19 28 26 2 10 15 6 12 25 8 27 16 24 3 13 23 9 18 14 0
0 10 2 20 5 24 21 14 1 18 11 29 13 19 30 22 6 23 27 15 17 7 28 9 8 26 12 3 25 16 4 0
0 13 26 22 25 5 28 3 9 16 20 11 14 7 24 6 18 4 2 8 19 30 12 21 29 15 17 10 1 23 27 0
0 29 4 2 17 19 6 20 27 13 30 23 7 21 22 25 14 9 16 28 10 11 15 18 3 26 1 24 5 8 12 0
0 23 5 21 16 8 2 29 17 13 22 15 9 27 7 20 11 28 25 3 4 30 12 6 1 19 18 14 24 10 26 0
0 16 20 2 10 3 17 25 24 27 19 21 11 23 22 18 4 29 28 26 9 13 14 6 8 12 30 15 1 7 5 0
0 5 23 30 24 15 9 10 16 2 14 1 21 11 17 20 12 22 4 26 18 6 8 29 3 27 19 28 7 13 25 0
0 22 10 27 20 8 29 25 3 26 11 17 7 6 4 18 21 9 30 1 28 23 2 13 16 14 19 24 12 15 5 0
0 7 25 8 21 5 20 17 9 3 28 27 2 10 30 23 15 12 13 6 24 18 1 11 14 19 4 16 22 29 26 0
0 12 21 8 1 27 28 6 7 20 15 19 3 29 18 14 22 30 23 2 9 25 26 5 4 17 16 24 13 10 11 0
0 23 7 16 28 10 22 15 30 21 19 14 4 9 12 18 8 20 11 13 25 27 2 29 3 26 6 5 1 17 24 0
0 23 8 12 22 16 7 28 3 25 29 26 2 10 13 21 20 17 27 30 1 24 4 9 18 5 14 11 15 19 6 0
0 28 16 14 5 20 24 17 7 25 2 13 23 27 18 11 4 10 26 12 30 29 9 3 15 19 8 22 6 21 1 0
0 26 12 25 13 18 24 7 15 17 9 16 19 10 29 22 21 14 11 3 28 30 1 5 20 8 27 4 23 6 2 0
0 15 9 19 12 29 28 18 21 17 8 25 11 1 16 14 5 13 24 3 20 23 6 26 7 4 27 2 10 30 22 0
0 1 11 20 24 25 3 17 8 10 13 27 22 21 26 29 6 9 16 30 23 2 28 4 14 12 5 18 7 15 19 0
0 23 24 26 11 28 2 19 30 6 22 25 5 4 17 13 9 1 18 29 7 21 27 3 15 10 16 14 8 20 12 0
0 5 11 12 25 18 10 6 17 8 28 24 2 16 27 21 26 1 23 9 29 30 22 20 14 19 3 4 7 13 15 0
0 25 20 26 22 5 15 29 24 16 27 23 30 14 9 3 13 2 11 7 17 4 6 12 8 19 18 1 21 28 10 0
0 7 22 14 3 5 12 19 24 27 18 13 2 9 4 10 30 20 23 15 16 28 17 1 25 11 21 6 8 26 29 0
0 17 22 26 8 25 12 5 14 29 1 13 18 16 27 10 28 11 30 9 15 2 20 21 19 7 23 3 24 4 6 0
0 11 20 14 19 2 4 16 13 18 5 3 24 30 1 17 22 23 7 27 6 12 9 10 15 26 29 25 21 8 28 0
0 16 1 2 8 6 9 22 10 27 28 20 21 25 11 23 26 5 18 14 17 15 7 13 30 3 19 29 24 12 4 0
0 12 1 21 13 28 15 19 9 25 29 10 26 17 4 18 7 22 20 6 14 2 27 5 16 3 24 8 23 11 30 0
0 16 4 24 5 7 27 26 8 1 6 10 23 28 20 25 18 29 19 14 3 15 12 30 13 11 17 9 22 21 2 0
0 1 7 29 2 27 21 26 28 12 30 13 17 3 15 20 14 8 18 4 22 24 6 19 11 16 5 23 10 9 25 0
0 9 6 21 1 2 23 24 25 16 12 10 15 28 3 13 17 22 18 26 14 4 8 30 27 20 11 19 29 5 7 0
0 27 22 23 5 15 14 18 7 30 4 24 12 3 13 19 20 11 26 17 16 1 10 2 25 8 28 29 9 21 6 0
0 7 16 19 14 21 24 8 13 15 3 20 28 2 17 1 18 12 23 10 25 29 30 6 26 9 11 27 4 22 5 0
0 18 28 12 26 5 4 14 24 30 10 19 11 21 17 9 13 23 16 8 1 7 15 3 6 22 25 29 20 27 2 0
0 6 18 19 2 5 10 28 23 13 16 12 9 15 14 29 3 20 22 4 21 8 17 11 7 27 25 26 1 30 24 0
0 13 9 21 2 23 17 22 3 6 11 14 10 28 19 12 4 25 26 29 27 7 20 30 15 18 16 8 24 1 5 0
0 30 11 28 2 29 24 12 9 25 27 17 3 10 23 7 22 15 21 6 16 4 18 26 19 13 20 8 1 5 14 0
0 20 18 16 15 6 12 23 1 17 26 28 25 30 10 22 27 19 14 11 5 2 24 29 21 13 3 4 7 8 9 0
0 8 20 2 26 21 11 1 19 13 9 18 16 5 15 14 7 28 29 12 17 24 23 22 4 3 25 27 6 10 30 0
0 23 3 26 14 5 20 7 19 18 17 27 12 16 21 11 24 2 1 30 22 9 15 28 10 6 25 13 29 4 8 0
0 16 22 25 27 5 28 4 6 18 11 1 2 9 3 15 14 26 12 30 20 7 21 13 10 24 23 8 17 19 29 0
0 18 4 29 11 10 21 7 23 28 24 14 6 19 2 5 17 30 22 26 1 27 3 15 13 9 12 16 8 20 25 0
0 29 10 25 17 7 19 11 3 20 13 18 30 5 26 2 4 8 28 1 14 23 27 9 24 12 6 16 15 22 21 0
0 2 9 4 26 23 16 28 7 8 30 3 14 17 1 20 10 22 29 11 19 15 6 21 24 25 13 5 18 12 27 0
0 12 17 11 23 16 7 20 3 19 10 9 25 5 8 21 30 28 22 14 4 6 24 18 26 2 13 15 27 29 1 0
0 5 28 19 12 15 20 7 29 2 13 16 14 17 18 6 10 8 25 30 3 27 11 9 24 22 1 21 4 23 26 0
0 5 29 24 27 4 12 23 7 16 1 11 8 20 22 19 3 6 25 13 14 21 18 17 26 2 10 28 9 15 30 0
0 13 10 19 17 15 24 12 6 1 16 26 21 2 20 4 18 11 25 23 3 28 5 14 29 30 8 22 27 7 9 0
0 1 9 26 12 28 19 10 7 24 18 14 13 5 6 30 15 29 8 11 16 25 2 4 3 27 17 22 21 23 20 0
0 23 25 1 7 24 17 2 26 28 3 8 16 19 12 30 9 6 15 21 18 29 27 14 13 20 11 5 10 4 22 0
0 3 1 21 19 17 5 12 26 22 7 29 18 23 15 2 6 10 11 25 8 13 20 14 27 28 9 4 24 16 30 0
0 16 5 2 11 14 13 25 12 7 22 19 1 6 24 17 15 27 9 4 21 30 3 8 26 18 29 23 28 20 10 0
0 5 18 11 17 20 14 10 6 1 29 16 27 13 21 19 23 30 8 24 28 22 26 7 2 15 4 12 3 9 25 0
0 10 14 7 17 16 1 24 11 2 6 18 9 28 27 5 4 30 29 25 13 21 12 15 20 23 3 22 26 19 8 0
0 18 27 20 29 5 3 22 28 16 24 9 11 15 6 10 8 30 14 23 19 21 17 1 25 2 7 4 12 13 26 0
0 16 15 5 28 4 20 2 27 10 17 7 11 8 29 1 26 24 25 6 9 13 30 18 12 14 3 22 21 23 19 0
0 1 30 27 23 19 16 12 11 3 20 9 22 28 29 5 4 14 15 17 24 6 2 21 26 8 18 25 10 7 13 0
0 12 9 16 27 18 24 10 23 15 4 3 1 25 28 6 8 2 20 13 11 17 26 19 5 14 29 21 30 7 22 0
0 10 16 24 14 23 1 9 25 19 2 6 15 12 17 18 20 3 26 4 28 29 30 21 7 11 22 8 5 13 27 0
0 3 12 19 20 25 17 18 27 7 29 8 10 5 28 23 9 14 15 30 2 6 13 1 16 4 22 11 21 24 26 0
0 16 20 4 12 19 17 28 21 9 10 11 30 23 22 27 26 6 1 7 24 8 3 25 13 29 2 18 15 14 5 0
0 2 19 1 21 12 27 5 23 14 9 20 3 24 30 4 15 13 7 10 8 22 28 17 29 26 25 18 6 16 11 0
0 20 2 28 22 13 10 29 4 24 21 14 30 11 6 25 23 16 17 8 9 7 3 26 15 27 19 5 1 12 18 0
0 30 2 19 10 14 22 4 11 21 25 27 24 1 3 29 26 13 16 23 18 12 9 17 20 6 7 28 5 15 8 0
0 10 30 2 18 6 1 16 12 11 5 20 9 13 29 26 28 21 22 27 24 3 4 23 15 8 25 19 7 17 14 0
0 8 9 11 13 21 18 16 23 20 3 5 10 7 14 19 1 12 15 29 28 24 27 22 2 6 4 17 25 30 26 0
0 12 14 20 2 9 25 23 30 26 15 29 4 16 7 13 27 6 21 22 1 18 24 5 19 3 11 17 10 8 28 0
0 16 8 26 27 30 24 11 9 23 4 7 1 20 21 13 18 10 2 12 15 29 28 14 5 22 17 19 6 3 25 0
0 9 21 20 5 2 24 13 30 25 19 22 18 10 8 29 16 12 4 27 17 6 28 11 14 3 26 7 1 23 15 0
0 12 17 18 27 19 23 30 7 10 13 15 22 5 9 25 20 14 24 2 1 26 4 28 3 16 6 11 21 8 29 0
0 23 7 22 25 8 2 13 5 4 21 3 29 1 24 10 30 27 11 15 20 14 6 26 16 18 12 17 19 9 28 0
0 11 9 8 7 19 4 26 22 16 15 28 24 21 23 2 12 20 29 13 1 3 18 5 27 30 6 25 14 10 17 0
0 19 2 15 30 17 8 26 28 11 25 16 21 14 22 3 7 9 10 13 6 24 23 18 4 20 27 29 12 1 5 0
0 22 4 1 26 19 17 21 27 20 9 13 30 28 12 15 29 6 8 7 10 3 11 14 23 5 25 16 2 18 24 0
0 4 9 25 5 3 13 12 29 6 7 22 18 26 15 24 1 28 10 11 19 30 2 27 21 14 20 17 8 23 16 0
0 29 9 3 10 14 23 8 6 25 27 22 18 24 20 30 17 15 1 2 19 11 4 13 26 21 12 5 28 16 7 0
0 11 22 19 13 28 2 21 23 17 5 16 12 29 30 6 26 4 1 3 14 15 20 8 25 7 18 27 10 9 24 0
0 2 5 23 4 3 9 28 24 21 7 18 22 17 15 11 12 14 30 26 13 10 25 1 8 19 16 29 27 20 6 0
0 22 7 4 24 23 27 10 13 28 3 9 19 18 17 2 1 26 20 14 25 16 21 12 30 29 15 11 5 6 8 0
0 4 15 27 22 17 2 11 6 29 9 30 3 28 25 7 24 16 13 20 18 8 23 26 10 21 5 12 1 14 19 0
0 7 20 22 6 16 14 26 9 4 19 27 30 12 25 29 28 24 2 1 11 18 13 17 8 3 23 15 21 5 10 0
0 29 3 6 28 19 17 5 8 9 15 13 11 20 12 7 14 27 26 4 2 16 10 23 1 25 21 18 24 22 30 0
0 21 20 24 19 11 2 4 30 7 13 14 25 16 1 29 17 23 3 22 6 18 27 15 26 10 12 9 8 5 28 0
0 4 15 29 13 20 26 28 22 30 1 7 18 19 25 11 12 5 14 23 3 17 8 2 27 6 24 21 16 10 9 0
0 15 5 20 22 2 8 29 27 19 17 4 14 24 30 25 12 1 26 18 23 21 10 3 11 9 28 6 7 16 13 0
0 2 4 6 7 12 13 8 23 10 21 11 16 9 18 20 14 5 28 25 24 29 27 19 26 30 1 17 3 15 22 0
0 7 17 24 19 21 8 22 13 26 12 11 23 20 15 9 3 16 1 14 29 10 2 28 18 5 6 30 27 25 4 0
0 15 13 6 16 10 18 19 14 8 25 11 17 26 7 24 30 29 22 12 28 23 3 21 1 9 20 4 27 5 2 0
0 4 3 28 10 13 19 27 16 18 30 15 7 8 20 24 12 6 1 14 2 9 17 5 11 23 21 26 22 25 29 0
0 24 11 23 12 1 8 28 16 22 15 5 17 20 7 2 27 25 19 26 18 30 10 13 14 4 3 21 9 29 6 0
0 20 22 25 18 26 2 19 17 21 8 27 7 11 5 30 9 15 13 16 24 10 12 1 28 3 6 23 14 4 29 0
0 18 9 11 29 27 1 13 26 7 20 3 4 23 5 14 24 15 16 2 30 25 8 22 17 21 12 10 6 28 19 0
0 27 12 26 5 11 30 19 16 23 22 14 21 29 24 2 13 1 10 15 8 6 18 7 4 25 3 20 9 17 28 0
0 17 13 4 8 21 14 6 11 26 23 7 19 28 22 1 10 12 29 2 9 30 15 25 24 16 5 20 18 27 3 0
0 27 15 9 16 3 23 13 4 1 11 8 20 18 25 28 22 17 10 30 5 6 24 14 21 19 29 26 7 12 2 0
0 7 22 8 30 28 5 15 16 4 29 9 10 13 1 27 11 24 21 17 3 6 25 26 2 12 23 18 20 19 14 0
0 15 22 21 2 3 12 9 6 7 25 14 28 13 5 10 8 16 23 20 24 11 19 1 17 27 4 30 18 26 29 0
0 20 22 9 7 4 12 13 1 19 15 25 30 11 10 3 6 28 2 16 29 23 17 18 8 5 26 27 21 24 14 0
0 29 11 23 3 15 12 14 24 4 22 19 26 13 6 16 17 25 21 9 30 8 10 18 27 2 20 1 5 7 28 0
0 14 20 9 23 1 26 27 8 12 4 11 30 15 17 16 10 2 18 29 7 5 3 13 21 28 24 22 19 25 6 0
0 8 20 30 4 7 11 2 5 12 6 3 25 19 29 22 27 10 24 15 13 23 18 28 16 9 26 17 21 14 1 0
0 21 14 7 23 28 19 3 5 4 2 10 9 6 18 25 20 1 17 29 15 12 22 30 13 26 16 27 8 24 11 0
0 21 29 17 9 25 28 15 4 16 27 18 2 13 7 1 14 11 30 10 6 3 20 26 5 8 24 22 23 12 19 0
0 19 5 17 30 21 20 26 22 16 7 4 10 29 27 2 11 3 14 18 25 24 8 12 28 9 15 6 1 13 23 0
0 22 26 7 9 3 23 21 28 5 15 2 6 1 17 24 10 25 30 20 29 27 4 14 19 18 16 12 11 13 8 0
0 29 6 14 12 17 1 25 24 30 10 27 9 23 3 7 22 16 26 8 18 5 11 28 2 20 15 19 4 13 21 0
0 8 30 22 27 10 25 26 17 11 14 18 16 24 13 7 15 21 20 5 6 12 19 23 29 3 4 2 28 9 1 0
0 25 2 7 18 23 4 10 13 22 16 9 30 27 19 11 26 28 15 8 3 6 24 21 29 17 1 20 14 12 5 0
0 21 26 10 29 19 24 28 5 18 3 22 20 1 23 11 8 12 2 9 25 6 14 30 15 17 27 4 7 16 13 0
0 4 27 28 7 5 11 6 12 29 10 8 15 24 9 1 3 17 26 18 16 22 20 30 2 25 13 14 19 23 21 0
0 9 26 14 7 4 6 30 11 8 27 23 10 2 24 18 15 16 21 13 19 5 22 1 28 12 29 17 3 25 20 0
0 18 23 12 1 2 30 27 22 16 14 7 9 6 15 3 5 19 29 24 21 26 8 10 13 4 11 17 20 28 25 0
0 19 2 16 26 15 8 7 14 28 21 9 18 11 13 29 24 27 22 17 10 3 12 23 1 6 30 4 5 20 25 0
0 17 5 9 4 12 18 3 13 14 20 1 23 6 15 10 21 2 16 25 28 26 29 22 8 24 30 27 19 11 7 0
0 28 2 9 13 24 3 17 11 19 4 12 5 22 16 29 30 1 27 14 6 26 18 23 25 7 15 10 20 21 8 0
0 24 2 22 23 5 16 8 30 20 14 13 10 12 1 18 3 25 15 9 17 28 7 27 29 6 26 21 11 19 4 0
0 28 8 29 11 24 26 15 23 27 22 14 25 16 18 2 6 19 9 10 12 1 4 7 3 20 13 30 17 21 5 0
0 29 16 15 25 9 11 6 18 27 2 23 19 3 12 17 30 28 22 14 24 1 4 10 7 26 5 8 20 21 13 0
0 10 18 15 28 8 20 7 26 13 12 17 25 29 6 4 9 2 21 27 23 30 22 1 5 11 3 16 24 14 19 0
0 12 2 21 27 6 20 18 22 9 25 7 26 8 4 30 11 17 1 16 24 23 28 14 15 29 13 5 19 3 10 0
0 12 8 5 20 23 10 3 21 1 19 9 25 11 14 24 17 30 15 6 28 27 26 18 4 16 7 29 22 2 13 0
0 13 21 15 30 29 7 20 23 2 17 22 14 4 25 6 5 27 1 18 16 11 3 28 26 8 24 12 9 10 19 0
0 25 22 8 15 19 11 7 5 3 20 27 9 24 16 26 23 29 6 13 17 21 12 10 4 14 28 1 30 2 18 0
0 12 16 1 28 8 6 2 17 3 5 30 19 21 4 20 22 11 9 29 10 23 24 26 15 18 7 13 27 14 25 0
0 10 25 5 24 18 8 9 12 14 7 22 30 20 26 23 6 4 15 29 2 21 17 11 28 16 3 13 19 1 27 0
0 30 7 5 26 28 6 19 12 21 11 10 20 14 4 16 22 27 2 18 17 9 24 1 8 3 15 25 29 23 13 0
0 10 19 4 13 23 18 1 7 21 14 11 9 28 20 30 24 16 15 26 25 6 3 27 17 12 29 8 5 2 22 0
0 8 11 9 22 26 24 20 1 15 23 30 27 14 28 19 7 25 16 13 21 17 6 12 5 10 18 4 2 3 29 0
0 24 7 11 21 6 22 28 10 2 23 13 12 15 30 20 14 17 16 8 4 26 25 27 19 3 9 1 18 29 5 0
0 9 11 25 20 3 16 10 13 12 8 23 17 30 27 28 2 5 22 29 21 15 19 4 18 24 26 1 6 7 14 0
0 10 24 3 7 18 1 28 12 19 26 16 15 27 30 11 25 13 6 14 21 20 9 8 29 23 2 22 17 5 4 0
0 29 9 4 15 26 14 11 27 10 6 16 13 19 28 30 20 24 17 5 8 18 2 22 3 12 25 23 1 21 7 0
0 22 9 23 21 25 3 1 18 26 19 6 11 8 4 12 24 7 5 28 20 15 10 16 17 2 13 14 29 27 30 0
0 7 16 20 4 3 24 1 27 13 23 10 15 9 19 11 6 25 21 28 22 14 30 2 12 5 26 8 29 17 18 0
0 7 28 4 6 1 21 20 15 29 11 18 19 5 24 23 14 9 22 25 13 2 12 8 26 27 30 10 3 17 16 0
0 30 5 10 6 22 29 12 9 17 3 26 23 11 25 2 24 18 21 13 19 4 8 15 14 16 20 1 28 27 7 0
0 7 5 20 29 23 22 18 16 3 30 26 24 17 9 1 25 14 8 19 10 27 12 11 13 4 28 6 15 21 2 0
0 6 21 29 25 4 12 27 5 3 22 20 15 10 23 16 26 19 30 17 14 8 18 24 9 7 1 2 13 28 11 0
0 8 20 22 13 4 30 23 10 29 16 14 19 5 24 11 9 15 1 6 21 26 2 28 25 27 18 7 12 3 17 0
0 24 12 20 1 26 28 4 19 16 17 21 8 29 14 11 23 3 5 2 18 9 30 10 25 15 13 6 22 27 7 0
0 14 17 10 16 24 12 19 18 1 11 7 8 4 15 30 27 21 9 23 20 25 29 6 28 5 13 2 22 26 3 0
0 16 11 1 24 9 13 6 29 4 20 8 2 19 15 30 7 5 22 26 28 12 14 3 23 18 21 10 17 25 27 0
0 2 6 17 11 28 22 24 18 3 8 9 27 5 10 30 19 1 16 29 12 25 21 15 13 20 14 23 4 26 7 0
0 29 22 25 16 18 26 24 7 14 1 23 17 11 10 28 9 8 20 2 19 12 13 4 3 21 6 30 5 27 15 0
0 1 7 6 15 8 24 26 18 22 10 20 29 11 5 21 27 28 19 2 30 9 13 23 25 14 4 12 17 16 3 0
0 6 13 12 26 1 19 14 29 20 27 17 16 2 7 30 15 25 18 10 23 11 21 22 5 24 4 8 3 28 9 0
0 1 23 28 8 6 21 14 11 15 24 16 9 7 20 12 4 18 17 13 27 25 10 26 30 22 29 19 2 5 3 0
0 30 12 18 1 24 29 4 14 2 28 21 25 23 19 11 16 26 5 13 3 6 22 20 27 10 15 17 8 7 9 0
0 24 28 16 18 15 5 7 19 14 29 23 27 13 1 30 9 25 21 10 20 6 2 17 3 22 12 26 8 11 4 0
0 2 12 26 14 29 4 21 6 23 15 25 3 28 22 19 11 30 8 18 17 7 27 20 13 24 5 16 9 10 1 0
0 21 20 1 29 6 2 27 19 13 3 7 15 5 18 16 26 11 14 17 9 8 10 12 23 4 30 25 22 28 24 0
0 30 18 5 27 7 15 1 8 6 24 11 17 21 3 2 22 19 16 10 23 14 4 20 12 25 26 9 29 13 28 0
0 16 7 11 9 30 28 25 3 20 23 24 17 6 15 8 12 5 10 19 4 22 2 27 21 29 13 26 1 14 18 0
0 4 10 14 30 5 1 8 15 6 3 17 13 16 26 24 19 27 12 11 22 2 20 23 7 21 29 9 28 18 25 0
0 7 15 25 1 28 23 16 11 4 13 12 21 24 27 18 17 20 2 14 19 9 30 5 8 10 29 6 3 22 26 0
0 4 2 26 18 23 9 15 10 25 12 27 22 11 1 7 24 20 19 29 16 6 5 17 30 13 28 8 14 21 3 0
0 26 7 20 23 14 1 5 3 30 25 4 16 21 28 27 18 17 8 11 6 12 29 19 10 15 9 24 22 2 13 0
0 22 16 14 24 6 5 19 15 26 9 29 3 20 13 17 30 27 12 25 4 11 1 8 18 23 7 2 21 28 10 0
0 6 8 7 13 2 23 25 15 14 20 5 28 17 10 19 24 26 16 22 27 18 4 21 1 29 9 3 30 11 12 0
0 10 5 20 15 2 30 18 24 6 19 3 7 1 12 21 25 22 8 4 23 11 17 27 29 9 14 28 26 13 16 0
0 21 20 12 24 27 10 11 25 4 30 3 6 23 22 8 15 28 18 16 19 17 2 14 9 1 26 7 13 29 5 0
0 23 4 28 17 11 8 6 27 12 14 19 13 2 22 7 29 26 3 18 15 25 21 5 24 9 20 30 10 16 1 0
0 29 19 8 21 25 13 12 11 7 1 22 4 28 3 15 5 18 6 10 17 9 27 20 24 16 23 2 26 30 14 0
0 1 10 4 26 29 19 15 9 11 6 8 16 12 21 25 3 5 27 20 28 17 30 2 22 23 14 13 7 18 24 0
0 25 2 16 27 10 14 7 12 26 13 3 11 20 1 4 24 29 9 15 28 8 22 23 17 18 6 19 21 30 5 0
0 7 6 18 28 29 20 11 27 22 10 25 12 3 23 9 21 1 16 26 17 24 19 30 2 15 8 13 4 14 5 0
0 14 8 25 30 16 4 5 12 6 9 2 13 20 17 11 1 15 24 26 10 29 21 28 27 3 7 22 23 18 19 0
0 8 18 9 16 7 30 5 10 1 20 14 25 27 26 21 12 13 22 6 24 23 29 17 3 4 11 15 2 19 28 0
0 2 17 9 10 5 25 29 3 14 28 30 24 27 11 20 23 22 19 4 6 15 1 26 8 7 12 13 18 16 21 0
0 23 5 2 8 1 19 30 3 13 9 14 17 25 7 29 28 21 18 11 15 4 12 10 20 22 26 24 16 6 27 0
0 20 16 30 17 27 8 23 14 11 1 4 19 6 7 10 9 3 28 2 13 21 18 25 5 22 15 26 12 29 24 0
0 22 1 30 28 18 12 21 29 6 26 27 15 19 3 24 16 5 7 10 8 9 4 17 13 14 25 20 2 11 23 0
0 10 9 21 4 19 13 15 23 7 25 27 20 18 17 16 22 8 12 5 24 6 1 28 30 29 26 2 11 3 14 0
0 10 25 24 26 15 7 2 9 30 8 28 13 29 5 21 27 22 23 11 12 16 17 6 1 20 18 14 3 4 19 0
0 10 18 6 21 7 30 8 9 17 28 22 14 13 11 5 23 16 25 3 19 26 24 12 27 1 15 29 20 2 4 0
0 5 11 23 4 19 9 28 17 24 25 30 27 18 7 13 10 8 20 16 3 26 21 2 22 14 12 29 15 6 1 0
0 26 2 5 1 25 24 21 7 8 16 19 4 3 6 17 10 13 28 30 18 15 20 14 9 23 29 22 12 27 11 0
0 27 30 16 13 15 29 17 6 10 21 8 12 20 18 19 28 5 11 24 23 2 25 9 7 14 22 1 3 26 4 0
0 6 10 25 1 14 16 4 3 12 30 21 9 11 20 5 19 26 23 29 28 22 13 7 17 2 27 8 18 15 24 0
0 18 5 4 27 29 26 11 7 8 1 22 12 15 19 10 9 28 13 20 24 23 25 21 3 17 16 6 2 30 14 0
0 13 18 12 26 25 21 30 22 8 14 24 16 1 10 11 3 27 29 19 17 6 20 7 2 5 4 23 28 15 9 0
0 9 2 14 8 22 26 6 4 13 18 5 3 29 23 21 15 27 11 10 25 28 17 19 30 24 16 12 1 20 7 0
0 1 29 8 17 24 23 22 5 11 6 18 19 25 21 26 9 10 28 4 13 27 3 12 2 7 14 30 16 15 20 0
0 21 11 10 25 23 26 16 1 15 7 19 29 5 18 6 30 20 3 24 14 17 27 28 13 22 12 4 8 2 9 0
0 28 25 6 27 13 20 18 11 3 2 23 1 4 21 8 12 15 17 30 5 10 22 16 26 9 24 7 19 29 14 0
0 26 3 19 5 29 28 25 10 30 16 4 12 9 27 17 8 11 23 7 22 2 21 14 1 20 6 13 15 24 18 0
0 5 9 21 10 3 14 25 17 28 2 12 27 6 4 15 8 22 20 23 24 13 30 11 16 1 19 18 7 26 29 0
0 16 1 20 7 21 19 23 3 30 8 26 12 25 29 28 2 10 11 5 17 27 9 6 15 14 4 13 18 24 22 0
0 16 7 29 8 19 12 30 11 6 24 27 22 15 25 9 5 17 21 18 13 1 4 28 26 23 20 2 3 14 10 0
0 19 3 2 27 23 11 4 17 8 26 16 29 9 24 22 7 6 20 5 10 1 13 28 14 18 30 15 25 21 12 0
0 21 15 19 30 3 25 8 2 11 29 12 9 10 27 22 28 5 4 17 23 7 6 14 18 20 24 13 16 26 1 0
0 23 14 30 3 15 2 19 11 5 16 6 12 24 4 7 22 10 28 13 8 26 20 17 21 9 25 1 18 29 27 0
0 13 26 29 17 15 21 27 1 7 23 19 30 10 20 2 9 11 12 6 14 5 28 3 24 25 18 16 22 4 8 0
0 6 23 11 10 19 1 5 2 3 18 20 16 26 12 22 29 14 30 4 15 9 25 24 8 28 27 7 17 21 13 0
0 14 30 5 25 29 15 7 16 9 10 17 23 3 2 20 26 13 11 21 1 19 28 4 22 6 12 18 24 27 8 0
0 30 24 4 6 13 17 25 29 16 7 21 5 27 12 2 19 3 8 11 22 28 26 23 18 15 14 9 20 1 10 0
0 16 14 7 1 24 13 18 17 22 30 15 9 6 21 20 5 23 8 12 10 2 29 4 11 28 27 26 25 3 19 0
0 3 13 5 23 25 15 16 9 18 1 19 8 11 17 10 28 6 20 14 4 29 30 21 24 26 2 12 7 27 22 0
0 19 9 20 3 24 5 17 13 1 10 6 11 28 29 23 18 14 15 25 22 4 12 16 8 26 7 2 27 21 30 0
0 2 28 15 14 3 10 19 18 12 11 30 8 1 17 6 4 23 27 26 22 7 25 29 16 5 20 13 9 24 21 0
0 14 22 30 10 3 25 28 9 24 21 26 17 27 12 6 19 29 13 8 23 15 20 7 1 2 18 11 4 16 5 0
0 21 23 9 29 3 1 12 10 17 30 19 15 5 18 28 7 4 20 25 14 13 24 26 27 2 16 6 22 8 11 0
0 24 10 8 14 28 7 16 25 23 5 17 15 9 21 13 30 27 19 12 2 11 6 18 3 4 29 1 22 20 26 0
0 12 17 15 22 6 25 4 8 29 7 9 5 16 1 24 19 23 27 2 3 28 26 18 13 30 10 14 20 21 11 0
0 26 22 11 20 28 21 25 1 2 30 19 17 23 18 14 16 12 9 8 3 15 24 10 27 13 6 4 7 5 29 0
0 19 22 25 7 16 2 13 5 17 1 28 9 6 14 11 10 26 12 18 24 30 8 4 3 29 15 20 23 27 21 0
0 10 22 19 24 28 29 23 2 9 8 14 16 25 27 15 5 1 3 6 4 13 30 18 7 21 26 17 20 11 12 0
0 16 18 17 14 28 19 10 22 20 2 13 11 21 3 4 12 5 26 7 15 25 23 6 30 1 9 29 24 27 8 0
0 25 7 28 24 8 3 27 20 22 14 19 5 12 18 17 10 26 1 29 30 23 15 9 13 6 4 21 2 11 16 0
0 24 19 17 22 21 1 16 3 11 9 15 28 8 14 20 10 4 30 7 12 23 6 5 13 2 27 26 18 29 25 0
0 10 24 18 13 7 23 27 14 11 8 19 12 26 2 17 6 15 25 28 4 5 20 22 29 1 21 16 3 9 30 0
0 26 6 21 1 2 29 24 8 27 17 5 15 14 16 10 20 30 19 4 7 11 12 9 28 25 22 18 23 13 3 0
0 9 16 22 29 10 15 6 3 13 2 24 11 17 27 26 23 8 20 19 28 5 30 4 7 25 12 14 21 18 1 0
0 13 25 14 28 20 3 4 8 30 21 15 2 6 27 17 1 19 7 16 9 29 10 18 26 5 22 24 12 11 23 0
0 25 4 23 3 19 10 27 6 7 9 2 20 12 29 26 11 16 28 30 24 8 5 14 17 21 1 22 15 13 18 0
0 4 27 6 15 7 26 9 8 17 13 28 29 30 16 19 22 11 14 21 20 10 3 1 23 24 5 2 12 25 18 0
0 11 27 6 21 16 26 19 15 14 18 13 7 30 12 17 2 28 5 10 1 3 4 25 22 9 8 24 29 23 20 0
0 20 19 21 26 27 8 1 9 18 24 3 25 29 23 13 15 4 10 16 2 7 6 22 12 14 17 11 28 5 30 0
0 16 5 27 17 19 21 9 29 25 13 2 30 7 10 12 24 20 3 8 22 4 1 11 15 26 6 23 18 14 28 0
0 30 19 3 11 28 18 15 27 22 9 5 10 12 7 23 13 16 21 25 2 20 4 14 6 1 8 24 26 17 29 0
0 13 4 5 27 10 28 29 6 26 20 25 17 12 24 1 22 19 23 9 7 21 11 18 2 3 14 30 16 8 15 0
0 1 5 13 8 22 24 27 16 23 11 26 21 25 4 12 9 10 7 17 30 6 19 3 15 2 18 20 28 29 14 0
0 9 18 1 3 30 22 28 14 15 19 21 29 8 6 20 2 24 12 16 17 4 11 7 23 5 13 10 26 25 27 0
0 5 27 6 7 24 2 21 1 17 19 10 26 22 11 8 30 20 25 18 16 12 9 4 23 3 13 14 29 28 15 0
0 9 2 26 15 19 30 8 21 27 11 29 18 14 16 22 25 28 23 7 20 13 5 17 6 12 10 24 4 3 1 0
0 1 7 12 23 10 22 16 15 26 2 8 3 28 21 19 30 5 24 29 27 11 17 25 6 13 14 9 4 18 20 0
0 18 15 11 23 3 16 12 13 24 2 14 9 1 19 27 7 6 17 8 28 26 10 5 20 22 21 4 29 30 25 0
0 17 12 18 27 30 1 3 5 29 21 20 15 13 11 26 19 24 6 22 4 14 16 25 9 28 7 23 10 8 2 0
0 2 26 10 3 11 16 22 4 30 14 21 1 8 15 9 7 28 17 12 29 5 20 18 19 24 27 25 23 13 6 0
0 23 29 21 25 12 7 3 13 26 30 27 6 28 17 15 2 1 20 16 11 8 4 22 19 14 10 9 18 5 24 0
0 17 13 12 15 19 18 30 4 16 29 26 23 1 20 11 7 9 14 2 21 10 5 28 25 6 27 22 24 8 3 0
0 14 9 25 10 11 12 5 7 27 15 30 16 1 18 20 26 6 13 21 19 22 29 23 2 28 24 17 3 8 4 0
0 13 6 2 23 30 18 16 1 8 17 5 22 24 4 20 12 28 29 26 3 21 19 7 9 15 11 14 10 27 25 0
0 19 9 8 14 17 15 24 30 21 28 10 16 29 1 5 27 26 4 18 11 23 13 2 20 6 25 7 3 12 22 0
0 25 13 19 23 20 18 26 4 24 11 22 29 21 15 14 28 10 5 8 27 1 7 6 16 12 3 2 9 30 17 0
0 24 15 20 4 21 1 3 22 29 17 13 26 30 2 19 11 25 27 14 7 18 16 10 8 9 5 23 6 28 12 0
0 13 14 6 26 23 7 17 27 12 20 2 15 24 30 16 19 11 5 25 18 21 8 29 3 22 9 4 1 10 28 0
0 4 15 30 14 19 8 13 24 28 23 27 25 26 5 22 6 18 10 20 21 17 1 7 12 9 29 11 2 3 16 0
0 22 2 7 19 23 26 21 18 3 20 17 6 10 25 8 1 4 9 27 14 29 5 28 16 30 11 15 13 12 24 0
0 8 18 19 14 21 12 22 5 10 29 9 30 6 23 13 4 17 16 24 27 26 3 25 1 28 7 15 20 2 11 0
0 27 30 8 3 13 6 4 1 23 17 10 29 26 21 14 24 18 15 5 20 9 16 28 11 25 19 7 2 12 22 0
0 10 18 1 16 4 13 27 17 22 30 26 12 19 23 29 5 20 3 7 11 6 9 15 2 14 24 25 8 21 28 0
0 28 30 27 15 23 26 22 18 1 24 11 12 19 10 7 2 25 3 6 14 4 8 9 13 20 29 21 17 5 16 0
0 9 29 2 25 23 11 4 28 24 21 17 8 26 3 14 5 15 19 10 7 30 18 1 20 12 22 16 27 6 13 0
0 2 1 7 18 30 27 11 28 12 14 23 4 17 21 13 9 22 6 19 15 8 10 20 29 3 25 24 26 5 16 0
0 16 23 14 29 30 1 28 26 5 7 20 15 22 9 8 18 2 4 12 25 24 3 17 6 21 27 19 10 13 11 0
0 4 2 28 30 6 11 10 16 20 27 21 13 17 23 12 15 25 26 18 19 5 8 7 24 3 14 22 1 9 29 0
0 18 5 19 16 9 20 2 26 8 14 21 13 6 10 30 3 24 12 22 23 11 4 27 28 7 29 17 1 25 15 0
0 16 23 29 19 28 3 15 24 6 4 14 8 18 10 17 22 26 11 27 13 12 30 25 2 9 20 21 1 5 7 0
0 29 16 25 1 19 22 18 20 3 12 23 2 30 17 26 11 15 7 13 24 14 6 4 28 10 21 9 8 5 27 0
0 7 14 11 24 27 29 26 28 10 30 1 20 19 2 8 5 13 17 16 6 23 4 21 9 12 15 25 3 18 22 0
0 20 19 25 24 7 14 17 26 22 10 30 4 9 2 5 1 3 18 21 16 6 28 27 11 12 8 15 29 13 23 0
0 15 29 30 8 10 12 11 19 6 9 5 2 24 18 22 14 21 16 3 17 1 25 13 7 27 26 20 23 28 4 0
0 5 25 1 20 30 8 24 27 14 17 29 23 10 28 2 12 18 6 7 15 26 11 19 21 22 16 4 3 13 9 0
0 22 14 23 29 21 6 28 5 1 18 7 27 13 4 12 10 19 25 16 9 17 15 30 24 3 11 8 2 26 20 0
0 9 18 28 22 3 5 29 13 17 19 12 4 10 21 23 14 30 16 27 2 11 20 25 24 15 26 8 7 6 1 0
0 9 30 19 2 7 18 23 1 3 5 11 14 16 24 4 22 8 10 25 20 15 13 21 17 12 27 28 26 6 29 0
0 2 23 15 19 30 24 26 4 17 14 25 16 11 3 20 21 7 29 9 22 27 8 5 1 28 12 18 10 6 13 0
0 29 7 18 27 22 24 26 5 19 30 14 13 15 9 17 2 23 8 6 25 10 12 1 16 20 21 3 4 28 11 0
0 11 3 14 15 18 6 29 4 5 16 20 25 28 13 19 12 22 30 7 8 9 24 21 26 27 2 1 10 23 17 0
0 18 25 19 27 3 11 6 22 29 20 24 12 17 9 14 7 13 30 5 8 10 15 1 16 28 4 21 23 2 26 0
0 27 20 15 11 19 4 22 8 29 23 28 10 16 12 21 26 24 30 18 5 13 9 1 6 2 7 17 3 14 25 0
0 4 30 9 16 20 5 2 28 22 29 24 26 14 13 11 17 6 19 3 15 1 12 7 21 8 27 18 23 25 10 0
0 16 13 11 24 18 7 14 30 25 6 12 3 8 28 27 10 4 1 2 21 29 5 17 23 19 15 9 26 22 20 0
0 12 21 29 3 8 20 9 22 11 28 19 24 16 2 23 18 27 15 5 1 13 4 25 17 14 26 7 30 10 6 0
0 30 28 17 18 12 10 4 9 29 5 23 13 8 14 2 21 19 27 25 6 15 7 11 1 26 22 20 16 24 3 0
0 5 21 27 2 24 10 6 11 23 25 4 13 7 17 20 26 9 22 19 3 12 15 18 1 29 14 16 30 28 8 0
0 1 25 14 3 2 26 11 4 24 15 6 21 13 9 7 28 19 12 5 17 16 29 23 30 18 20 10 22 8 27 0
0 21 11 25 4 16 13 27 19 24 28 8 6 7 12 20 14 23 29 1 5 15 3 18 26 30 17 2 22 9 10 0
0 3 16 15 21 6 17 11 19 22 25 24 4 8 5 29 1 12 23 30 26 20 28 14 2 18 13 7 9 27 10 0
0 4 30 16 10 15 26 19 18 28 5 17 3 22 21 25 6 23 12 20 8 11 7 13 14 9 2 1 24 27 29 0
0 8 14 2 17 11 5 10 24 4 15 25 20 16 22 13 27 29 12 26 6 28 23 18 7 30 21 19 3 9 1 0
0 26 25 29 30 8 14 28 3 13 4 16 7 24 9 10 19 27 6 2 21 15 12 20 11 23 22 5 17 1 18 0
0 10 22 19 17 28 9 29 18 15 13 12 25 1 2 8 23 4 3 16 24 21 6 30 11 14 20 5 27 26 7 0
0 12 10 23 17 6 18 9 19 2 16 11 25 13 22 30 27 8 14 20 7 3 21 15 28 24 29 1 5 26 4 0
0 24 15 27 4 22 17 12 7 2 21 11 3 25 26 5 1 29 20 10 13 28 18 30 19 8 23 16 9 6 14 0
0 13 2 21 5 25 9 16 29 20 7 26 3 28 30 10 1 23 15 22 11 4 18 19 6 27 24 17 14 12 8 0
0 14 28 24 1 5 11 19 10 30 29 26 12 20 7 27 4 22 16 9 6 21 15 8 25 2 17 23 18 3 13 0
0 5 26 22 3 8 17 30 29 23 2 7 4 28 6 14 27 21 16 20 24 18 25 9 13 12 11 19 10 15 1 0
0 29 20 11 8 18 25 6 2 3 17 14 10 5 13 4 22 15 27 19 12 28 26 1 23 7 16 24 21 30 9 0
0 3 1 25 11 6 13 10 22 26 30 28 24 8 23 27 14 16 21 19 15 17 4 20 7 9 2 18 5 12 29 0
0 21 25 17 20 19 14 8 29 1 13 16 24 3 22 18 6 4 15 11 27 5 7 9 2 12 30 26 28 23 10 0
0 18 11 20 10 19 1 5 28 23 7 2 3 16 6 9 26 27 15 24 25 12 4 30 8 13 22 21 14 17 29 0
0 11 30 12 23 6 28 26 19 3 27 20 10 29 2 16 18 24 21 4 9 14 1 5 22 7 13 25 17 8 15 0
0 26 23 10 13 17 2 8 29 27 24 1 14 22 11 12 16 9 25 4 6 5 30 19 28 15 3 21 18 20 7 0
0 23 12 30 20 17 10 4 29 15 28 26 6 11 7 25 21 14 5 18 9 22 27 24 13 8 16 3 19 1 2 0
0 19 7 28 18 11 15 8 22 21 27 14 2 23 25 13 4 17 12 26 16 3 24 20 30 9 10 5 6 1 29 0
0 29 1 12 26 16 25 8 27 18 7 6 17 2 21 24 10 14 3 22 28 20 11 30 5 15 19 13 9 4 23 0
0 21 8 15 2 5 9 18 25 17 22 16 6 30 23 29 20 24 1 3 13 27 4 7 14 26 19 28 11 12 10 0
0 20 15 30 28 12 1 29 8 22 5 23 19 2 27 4 10 13 18 26 11 6 17 16 9 14 7 3 24 21 25 0
0 28 11 24 6 19 9 29 23 5 13 16 25 22 3 8 18 17 10 21 7 27 14 1 20 4 12 2 30 26 15 0
0 14 12 15 28 11 17 4 18 29 20 22 24 27 9 1 13 19 3 8 5 6 30 7 26 25 23 2 10 21 16 0
0 19 24 27 11 3 23 6 21 25 1 17 18 10 22 4 16 30 20 7 8 5 29 13 14 2 15 28 12 26 9 0
0 2 7 10 17 1 19 29 4 24 30 12 5 3 9 16 14 11 26 20 21 6 18 23 25 13 22 28 8 15 27 0
0 25 23 18 30 3 13 7 14 20 19 24 1 9 27 21 11 4 5 2 10 16 26 15 28 29 22 6 8 17 12 0
0 22 19 5 7 13 25 23 14 1 29 26 30 11 24 8 21 10 9 16 20 17 18 15 28 27 2 12 3 4 6 0
0 4 2 10 8 24 17 18 22 13 7 1 14 25 12 29 20 28 27 16 19 6 9 15 5 3 23 30 11 26 21 0
0 9 7 18 4 20 13 2 10 8 17 11 6 14 25 28 15 23 19 16 3 1 22 27 26 5 29 21 24 30 12 0
0 5 9 18 6 12 30 17 23 20 22 25 3 1 24 28 14 4 10 8 15 29 7 13 27 11 19 16 2 21 26 0
0 3 22 25 16 6 11 28 12 23 24 21 1 4 20 13 29 18 5 8 27 10 17 15 19 30 7 14 9 26 2 0
0 30 11 21 24 27 14 13 20 15 9 4 1 19 17 3 10 29 16 2 25 28 8 23 5 26 6 7 22 12 18 0
0 11 25 19 2 16 12 4 17 1 22 24 5 13 15 7 9 18 27 10 21 3 29 26 30 14 6 23 20 8 28 0
0 28 8 11 29 23 6 3 13 10 7 27 18 26 15 2 30 5 24 19 22 1 21 9 16 25 20 12 4 17 14 0
0 12 7 20 5 26 8 2 6 24 29 30 13 4 16 23 9 18 10 17 28 1 19 15 11 14 27 3 21 22 25 0
0 14 12 1 17 20 5 15 4 7 16 30 28 11 23 24 25 13 10 8 29 18 26 6 2 3 19 22 9 27 21 0
0 24 28 26 4 10 12 6 14 11 16 22 15 18 7 23 13 17 27 19 25 29 3 21 20 2 8 5 1 30 9 0
0 27 17 3 20 13 23 14 9 7 8 28 16 11 4 6 10 12 21 30 24 19 1 22 5 29 26 2 25 18 15 0
0 27 19 12 26 29 22 25 10 3 14 5 1 9 6 7 24 20 21 4 15 13 8 11 23 18 28 17 30 2 16 0
0 11 4 1 23 18 26 2 7 19 27 13 9 30 28 3 22 5 8 20 25 29 6 21 10 24 12 16 15 17 14 0
0 26 24 14 13 16 23 15 25 30 5 10 6 28 4 2 8 22 3 1 17 20 27 19 18 7 21 29 11 12 9 0
0 28 22 14 9 24 4 6 13 19 8 15 7 21 20 18 5 16 23 12 17 10 26 25 3 1 29 2 30 27 11 0
0 18 6 27 28 16 26 9 10 17 30 19 20 23 25 2 22 7 29 14 3 12 1 4 21 13 15 11 24 5 8 0
0 3 21 9 6 8 12 22 11 23 17 29 20 14 30 28 2 7 18 13 26 27 19 5 16 1 4 10 25 24 15 0
0 1 30 9 20 6 19 26 2 23 4 15 18 27 10 14 12 25 5 16 21 24 13 17 3 22 28 11 8 7 29 0
0 7 20 16 24 2 17 19 21 5 14 18 1 23 28 30 10 27 8 13 11 22 4 6 29 3 25 26 12 9 15 0
0 8 5 25 18 26 12 11 9 4 15 6 2 1 3 30 7 10 14 21 28 20 24 17 23 29 22 19 16 27 13 0
0 27 12 15 21 1 26 7 19 14 10 20 16 22 23 3 18 24 28 2 4 6 5 8 11 29 30 9 17 25 13 0
0 5 14 6 19 8 21 26 1 27 2 24 29 18 17 3 30 22 10 25 20 16 13 7 9 28 23 15 11 4 12 0
0 19 10 9 8 24 18 5 20 23 6 25 16 17 7 30 21 14 1 15 12 3 13 2 4 11 28 29 22 27 26 0
0 18 25 27 7 23 14 15 1 20 30 9 13 28 26 10 29 19 8 5 17 24 4 16 3 11 21 2 6 22 12 0
0 10 26 8 9 4 12 22 18 3 17 23 14 6 16 19 7 30 28 2 27 13 15 24 21 5 20 25 29 11 1 0
0 7 24 20 29 28 5 14 10 4 23 21 9 11 1 30 26 12 25 16 8 17 22 19 15 27 2 6 18 13 3 0
0 23 13 26 19 20 17 12 10 29 5 11 27 2 30 21 28 15 6 9 3 14 16 24 8 18 1 7 4 22 25 0
0 5 22 1 19 11 14 21 10 7 29 25 18 23 13 3 4 17 16 27 26 28 12 20 15 30 24 9 6 2 8 0
0 20 30 3 21 2 18 10 23 11 29 22 6 15 5 16 8 25 4 28 13 26 12 19 1 9 14 17 24 27 7 0
0 13 15 6 9 14 12 30 29 20 25 19 5 22 21 23 8 27 10 3 11 7 2 28 26 17 1 24 4 16 18 0
0 11 14 10 1 3 8 20 18 22 17 2 23 16 9 21 15 13 4 5 30 27 12 26 24 25 19 29 6 7 28 0
0 14 12 30 13 26 18 11 2 17 22 20 8 15 25 5 27 28 19 16 7 9 21 1 24 4 6 23 29 3 10 0
0 4 12 30 23 10 15 18 26 1 2 9 17 25 7 13 16 5 6 28 19 27 29 24 14 22 21 11 8 20 3 0
0 25 13 19 4 18 30 15 22 14 29 9 24 6 5 11 23 21 20 16 17 2 1 8 28 10 26 7 12 3 27 0
0 4 18 7 16 22 3 9 20 24 11 29 17 2 12 8 28 27 14 21 19 23 10 1 5 25 30 13 6 15 26 0
0 10 13 19 29 21 4 9 1 28 26 12 30 2 17 18 16 11 20 22 27 14 5 6 15 24 7 3 8 25 23 0
0 23 2 12 22 9 5 15 1 8 25 27 3 21 28 11 24 19 29 17 18 16 6 14 13 4 30 7 20 26 10 0
0 13 6 24 20 30 27 12 14 25 23 15 9 2 8 5 19 22 1 3 18 29 26 7 10 28 17 16 4 11 21 0
0 30 7 18 13 15 24 5 6 25 3 19 22 16 27 11 1 12 20 17 2 9 23 14 28 21 4 10 26 8 29 0
0 25 11 19 4 1 20 21 30 3 10 12 16 9 18 27 6 22 8 2 15 29 23 14 17 26 5 24 7 28 13 0
0 22 20 16 13 5 10 17 25 30 26 9 2 8 27 29 28 19 24 3 23 6 7 21 12 4 1 15 18 11 14 0
0 24 3 21 6 18 9 20 13 12 11 30 29 2 28 14 15 19 26 7 4 1 23 25 16 8 27 5 10 22 17 0
0 21 2 7 10 16 26 19 30 18 13 3 9 17 5 8 23 24 6 12 1 28 20 4 27 14 29 11 22 15 25 0
0 9 5 18 3 30 20 29 21 14 11 25 17 27 23 26 13 24 12 15 22 7 4 10 16 6 1 28 8 19 2 0
0 19 7 2 16 9 6 21 25 1 13 28 12 14 27 4 11 8 23 24 10 3 20 22 29 18 30 17 5 15 26 0
0 18 28 12 17 30 13 1 29 20 27 3 24 8 16 6 15 14 2 5 25 7 4 9 23 21 10 22 26 11 19 0
0 14 19 2 13 10 12 30 25 22 24 4 1 26 8 15 9 28 5 23 21 3 27 6 29 20 16 11 18 7 17 0
0 26 1 13 20 21 8 30 18 6 27 5 9 2 29 28 4 12 22 10 17 23 16 14 15 24 11 7 3 19 25 0
0 29 24 5 30 19 20 28 15 12 10 6 13 21 27 22 14 26 9 1 7 3 11 8 25 18 16 4 23 17 2 0
0 29 5 28 17 23 25 27 19 6 1 2 12 30 24 7 26 16 8 3 15 13 18 9 11 14 21 10 20 22 4 0
0 27 14 7 6 8 1 24 30 11 2 5 28 25 10 3 20 17 23 12 19 16 18 29 22 26 4 13 9 21 15 0
0 19 18 22 26 24 4 1 21 13 16 10 11 5 15 17 8 6 30 28 7 9 2 14 29 3 23 12 27 25 20 0
0 29 14 20 17 7 4 9 28 22 25 12 2 24 21 11 27 6 19 23 30 1 18 3 26 5 15 13 10 16 8 0
0 21 28 18 14 17 8 1 5 19 22 4 16 25 12 11 30 20 7 10 23 2 9 13 26 24 29 15 27 6 3 0
0 18 26 29 10 13 17 30 12 4 28 2 20 14 3 19 16 6 24 21 1 7 11 23 9 15 5 22 8 25 27 0
0 1 30 15 6 2 14 24 27 21 26 7 13 5 22 3 8 4 19 18 28 11 12 29 10 25 20 9 23 17 16 0
0 6 25 15 19 24 11 30 16 7 5 18 3 8 9 4 23 29 20 13 22 2 21 14 17 26 27 10 1 12 28 0
0 13 15 16 25 19 9 18 28 12 10 6 7 20 14 3 29 5 24 30 11 4 23 17 22 27 8 21 2 26 1 0
0 8 24 1 27 2 22 25 23 9 3 28 20 21 17 18 14 11 30 6 12 15 26 19 4 13 29 5 16 7 10 0
0 27 25 2 16 21 13 12 3 14 1 11 24 28 19 23 22 18 7 30 10 9 15 26 6 20 4 29 8 17 5 0
0 16 9 8 30 18 13 5 19 21 10 25 7 14 27 20 1 23 17 29 15 28 22 11 4 6 26 2 24 3 12 0
0 28 24 5 21 15 16 9 2 26 22 3 27 20 30 18 19 10 12 14 29 4 17 25 11 1 13 6 8 23 7 0
0 19 10 9 22 24 8 12 23 2 27 20 29 26 14 6 25 4 1 30 13 3 11 7 17 28 18 5 21 16 15 0
0 26 14 28 12 30 10 5 6 27 24 3 11 1 23 16 7 2 17 8 18 15 20 22 19 25 13 29 21 9 4 0
0 7 18 19 10 15 2 8 23 24 27 25 29 26 3 14 6 9 1 13 12 5 4 17 11 30 16 21 22 20 28 0
0 12 23 30 6 20 5 28 18 25 15 24 13 9 21 14 22 10 17 29 7 11 26 4 16 19 2 3 27 1 8 0
0 14 16 27 19 8 20 7 22 24 1 6 10 28 26 4 2 11 9 29 12 17 13 23 25 18 3 30 5 21 15 0
0 29 10 1 26 27 12 25 21 30 6 18 3 14 15 22 4 24 28 19 9 17 13 11 8 20 23 2 5 16 7 0
0 28 2 6 20 30 13 8 21 10 3 27 24 11 17 9 18 23 16 1 19 25 7 15 29 22 26 4 12 14 5 0
0 6 26 3 9 8 18 10 7 11 13 25 4 1 24 27 21 2 29 20 12 14 16 28 5 22 19 30 15 23 17 0
0 21 25 28 9 13 15 16 29 18 22 26 6 2 3 17 7 14 20 27 11 23 5 8 24 1 4 19 30 12 10 0
0 13 7 15 17 18 3 25 22 2 24 28 8 14 5 11 29 10 23 9 26 19 27 21 1 20 16 4 12 6 30 0
0 23 22 10 18 3 26 27 7 6 8 24 20 19 16 29 5 4 28 15 14 17 11 30 13 9 12 2 1 21 25 0
0 3 6 19 15 20 11 9 14 18 16 21 7 2 4 26 28 10 30 27 23 5 29 22 1 8 17 13 24 25 12 0
0 23 10 5 19 27 15 20 3 11 13 16 22 25 7 6 17 21 26 8 30 24 14 12 18 2 9 4 29 28 1 0
0 14 4 27 30 9 20 2 3 13 10 12 19 18 7 17 25 21 24 5 22 15 6 1 26 8 11 29 28 23 16 0
0 23 14 8 16 28 18 13 15 30 22 2 9 25 6 5 17 26 20 11 3 4 24 10 27 1 21 7 12 29 19 0
0 7 28 30 9 18 15 25 2 8 17 26 12 21 11 10 16 13 27 19 1 4 29 5 6 20 23 22 24 14 3 0
0 13 2 30 23 10 1 6 7 28 21 27 26 24 9 15 29 8 11 22 3 4 18 17 25 19 5 14 16 20 12 0
0 2 8 22 24 10 12 28 9 6 30 7 1 19 27 21 17 20 18 25 26 29 3 13 5 23 16 15 14 4 11 0
0 8 18 2 9 13 12 30 20 6 16 7 3 19 26 22 28 23 11 15 10 25 1 24 17 5 14 21 27 4 29 0
0 22 20 2 15 6 23 16 28 25 19 30 5 11 9 1 21 26 13 18 10 3 8 24 29 27 17 4 7 14 12 0
0 7 3 12 13 6 9 16 22 17 8 30 2 26 28 14 15 18 29 24 21 19 20 10 4 11 5 23 27 25 1 0
0 23 7 24 10 3 29 28 5 4 16 9 15 19 30 2 1 11 22 26 13 21 20 25 18 8 6 17 14 12 27 0
0 1 15 2 12 25 3 24 10 7 14 6 27 28 9 17 26 30 20 13 22 16 8 5 18 4 19 23 29 11 21 0
0 11 16 10 20 26 28 12 14 22 25 6 2 19 30 13 9 29 21 15 5 18 23 4 8 3 7 24 17 27 1 0
0 20 4 10 11 21 14 16 18 15 22 30 6 5 17 12 28 8 29 19 13 25 7 1 9 24 3 2 26 23 27 0
0 7 8 10 16 6 20 28 1 25 11 21 9 12 14 4 13 29 3 17 26 22 23 19 18 30 27 24 15 5 2 0
0 26 13 27 10 18 6 23 30 22 17 11 16 12 2 28 1 14 3 25 5 19 8 29 4 20 21 15 9 24 7 0
0 15 28 8 18 23 22 25 19 30 16 27 26 24 11 2 20 29 5 10 7 14 9 12 4 1 3 6 13 21 17 0
0 23 1 4 25 30 16 13 12 8 14 2 17 26 21 7 3 18 20 27 11 29 9 5 28 10 6 15 24 19 22 0
0 25 27 5 6 10 13 20 26 23 4 30 29 18 12 8 22 21 1 16 24 28 19 14 9 11 7 15 3 2 17 0
0 30 1 15 27 16 2 17 29 4 13 6 20 9 26 11 19 22 28 21 10 24 14 18 7 8 25 23 5 12 3 0
0 23 29 26 21 17 22 18 1 19 7 24 2 28 30 15 6 9 16 14 5 12 4 20 27 3 11 8 25 10 13 0
0 10 30 22 15 24 6 4 23 2 29 19 12 26 8 28 1 13 11 20 21 14 18 9 3 16 27 5 25 7 17 0
0 1 17 18 21 23 3 20 14 25 29 9 7 28 11 6 26 8 22 5 10 24 15 30 12 2 19 4 27 16 13 0
0 19 1 25 2 3 23 20 28 4 8 10 15 21 22 29 11 27 26 14 7 13 6 5 18 12 24 9 30 16 17 0
0 5 4 27 13 28 16 6 29 3 10 11 25 2 18 23 9 12 26 22 1 17 21 14 15 24 8 19 30 7 20 0
0 4 3 15 11 22 20 29 5 28 18 1 9 25 23 27 13 8 2 10 26 24 21 19 6 7 12 16 30 17 14 0
0 15 27 8 18 12 11 9 10 5 30 3 28 17 23 29 1 4 14 2 16 19 24 13 20 25 21 22 26 6 7 0
0 23 22 1 7 21 29 19 6 14 27 24 10 17 26 8 13 2 5 20 15 4 12 16 30 9 18 11 3 25 28 0
0 10 17 26 28 24 21 19 8 6 2 13 7 29 9 14 27 23 22 18 4 30 1 20 3 15 5 12 16 25 11 0
0 29 8 4 14 17 12 27 18 11 3 15 20 24 28 26 7 1 16 10 9 13 25 5 22 21 19 23 30 6 2 0
0 25 20 22 29 21 17 4 19 6 24 30 13 5 15 7 16 14 1 8 26 11 9 12 18 3 10 23 27 28 2 0
0 22 12 20 15 18 8 24 13 23 1 30 5 2 28 21 25 11 6 7 3 14 4 9 29 26 19 17 10 27 16 0
0 8 7 23 26 16 2 19 28 6 27 5 10 14 25 20 11 4 21 30 15 29 1 17 3 22 24 18 13 12 9 0
0 26 20 5 28 1 11 17 23 21 15 18 8 2 22 24 12 25 29 4 10 14 9 27 16 19 13 6 30 3 7 0
0 19 10 15 11 9 24 6 20 23 1 12 16 22 30 7 25 17 26 27 8 28 4 2 13 21 18 3 5 29 14 0
0 22 5 1 27 10 7 4 28 12 18 29 23 19 6 14 30 21 13 20 11 24 15 3 8 26 9 16 25 2 17 0
0 9 23 24 19 2 21 14 11 16 4 29 6 7 12 22 27 18 10 5 13 15 17 28 30 25 8 1 26 3 20 0
0 5 28 17 6 15 18 2 25 4 11 21 29 13 7 9 16 3 1 24 19 30 10 23 20 27 8 26 22 14 12 0
0 1 5 4 17 20 24 22 7 13 6 11 2 14 18 26 12 25 16 8 10 21 23 28 27 15 29 30 3 9 19 0
0 17 14 26 12 29 11 24 28 27 3 1 16 2 15 22 7 18 9 20 4 23 8 10 19 13 5 25 6 21 30 0
0 4 12 3 9 23 19 11 7 25 17 16 5 24 18 6 30 10 26 22 14 2 27 20 21 29 8 15 1 28 13 0
0 20 28 26 29 13 27 24 4 2 21 14 12 10 18 3 25 19 6 23 16 9 8 30 11 1 7 15 17 5 22 0
0 12 18 10 24 8 13 9 23 30 5 29 14 3 6 2 11 28 16 19 22 26 4 20 1 27 7 21 25 17 15 0
0 26 2 10 4 12 9 1 25 23 7 20 15 3 27 13 17 5 14 22 24 21 29 16 18 30 28 11 19 6 8 0
0 28 2 15 1 16 6 17 21 10 7 22 23 27 19 9 29 5 26 24 14 3 11 8 18 12 30 25 20 13 4 0
0 4 15 19 17 18 9 2 10 16 12 22 24 3 23 28 21 6 27 29 25 13 1 30 7 20 11 14 8 26 5 0
0 11 1 23 25 8 2 17 28 22 27 18 19 7 6 24 10 12 3 21 4 15 20 14 16 9 13 26 29 30 5 0
0 24 1 27 6 29 23 26 21 5 15 8 2 19 30 20 14 11 12 18 28 17 25 4 10 13 22 16 9 7 3 0
0 20 18 2 7 3 10 1 16 24 5 6 11 26 12 4 17 21 13 15 22 27 23 28 30 19 29 25 8 9 14 0
0 21 7 23 10 13 8 22 9 30 25 19 18 14 17 6 11 24 27 4 15 28 20 3 16 12 5 29 26 1 2 0
0 7 29 2 5 16 28 27 13 20 8 21 25 17 15 30 14 11 12 19 6 26 3 9 23 18 24 10 1 22 4 0
0 16 23 5 18 8 27 3 19 28 24 1 2 26 9 12 30 22 10 15 13 20 7 4 11 14 25 21 17 6 29 0
0 12 17 16 27 30 19 18 4 20 26 10 1 14 2 15 22 13 7 24 8 9 5 6 21 25 23 28 11 3 29 0
0 9 16 13 15 25 18 12 28 17 29 24 22 23 6 4 21 26 1 30 8 27 11 2 20 19 7 5 14 3 10 0
0 29 7 12 19 9 25 24 27 17 2 16 11 13 1 14 10 30 6 5 20 18 3 28 21 4 26 22 8 23 15 0
0 21 14 4 7 17 5 24 8 18 22 9 25 3 2 11 6 13 19 15 26 16 23 27 30 10 20 1 12 28 29 0
0 20 2 1 14 4 25 17 26 12 22 13 18 7 8 10 6 29 15 3 28 30 24 9 5 27 11 16 21 23 19 0
0 15 17 26 25 10 16 1 30 11 24 6 3 23 28 8 20 13 9 29 7 27 19 12 4 5 21 2 18 14 22 0
0 3 26 8 10 11 22 25 6 23 20 24 7 4 14 18 17 21 12 13 30 15 27 16 29 2 5 19 9 28 1 0
0 7 5 25 12 22 14 24 20 15 19 6 4 2 27 30 17 29 10 21 3 1 16 13 11 23 28 26 8 18 9 0
0 7 25 15 23 27 21 13 2 14 18 29 12 1 11 19 30 8 26 10 20 5 9 22 6 16 28 24 3 4 17 0
0 24 6 27 4 11 28 21 8 29 19 26 5 2 17 3 7 14 20 16 9 12 10 22 18 23 25 13 1 15 30 0
0 26 25 17 30 11 6 7 23 22 27 24 1 9 12 14 19 20 16 3 29 5 4 2 8 10 13 18 21 28 15 0
0 29 5 28 13 10 30 12 24 25 23 3 20 9 26 16 2 1 4 15 18 11 17 22 14 27 8 19 21 6 7 0
0 23 21 29 8 16 5 26 19 24 14 25 1 10 4 28 20 6 13 3 12 11 17 2 9 15 7 27 22 18 30 0
0 26 17 8 27 9 29 10 28 21 1 25 7 3 2 13 19 12 5 18 30 11 4 14 16 20 24 22 15 6 23 0
0 28 24 2 7 15 27 13 5 30 23 17 26 10 4 14 21 18 9 12 1 8 25 20 3 19 29 11 16 6 22 0
0 15 6 19 14 5 8 28 3 13 26 1 4 16 20 29 7 24 9 17 2 22 11 30 25 27 12 10 18 23 21 0
0 27 19 29 3 9 15 1 2 14 26 5 17 10 23 21 12 8 13 30 24 22 11 7 6 25 4 28 20 18 16 0
0 13 23 12 19 28 26 1 3 29 10 11 16 25 4 15 14 21 17 30 8 9 2 24 6 7 20 5 22 27 18 0
0 6 12 14 20 15 27 2 17 3 1 23 21 30 7 11 9 29 26 13 10 18 4 16 25 5 22 28 8 19 24 0
0 13 21 22 4 6 8 29 16 1 2 15 28 14 5 12 7 26 30 19 9 18 10 27 25 23 11 3 24 20 17 0
0 18 6 21 29 13 24 4 10 11 14 16 1 9 17 8 27 7 3 25 28 2 20 5 12 19 15 26 23 22 30 0
0 22 7 15 17 10 29 25 1 6 12 5 4 2 3 9 14 16 8 13 24 21 19 23 18 28 11 20 27 30 26 0
0 21 29 12 24 27 8 25 4 19 30 3 20 1 7 28 17 10 16 23 5 18 11 26 15 22 2 14 13 6 9 0
0 4 15 16 30 26 18 17 20 9 3 13 25 10 21 14 8 5 12 11 27 7 1 29 28 24 2 22 6 23 19 0
0 12 9 28 1 15 23 10 19 17 5 7 6 4 18 21 27 16 3 20 2 8 14 24 29 22 11 26 30 13 25 0
0 25 26 10 19 4 22 29 23 16 2 5 11 12 18 30 15 8 24 27 14 21 6 7 13 9 1 3 20 17 28 0
0 7 27 9 8 28 26 29 13 11 6 15 16 1 30 2 5 10 19 18 12 23 25 3 4 17 22 14 21 20 24 0
0 28 2 26 19 7 22 9 25 3 16 13 11 14 27 23 1 18 21 15 24 6 5 10 17 8 30 4 29 12 20 0
0 16 7 22 17 3 21 9 28 5 6 30 27 29 11 4 19 18 8 10 2 15 13 26 20 14 25 24 1 23 12 0
0 6 12 10 4 8 15 1 30 27 13 29 16 9 5 2 24 11 26 17 19 21 22 25 23 18 3 20 14 7 28 0
0 28 5 6 3 13 16 23 9 12 30 8 26 10 19 14 20 25 15 29 22 7 4 27 2 1 24 18 21 17 11 0
0 15 24 23 7 9 8 13 25 6 4 19 1 27 11 28 16 21 17 3 30 22 5 20 10 29 26 12 2 18 14 0
0 6 13 8 19 2 5 22 21 7 20 23 9 12 3 17 1 27 15 4 11 25 28 30 26 16 24 14 18 10 29 0
0 20 26 9 5 1 6 19 28 23 14 3 29 25 18 8 17 27 10 22 7 2 13 4 12 30 21 11 16 24 15 0
0 9 14 28 6 19 8 18 29 23 30 5 20 11 17 21 12 3 22 2 4 10 7 15 1 13 25 27 16 26 24 0
0 10 17 19 13 24 26 22 7 6 2 20 12 14 18 27 5 28 21 25 1 23 29 30 4 11 16 15 3 9 8 0
0 2 8 16 14 23 21 11 22 28 9 25 4 19 10 17 12 1 3 5 18 13 30 20 15 7 29 24 27 26 6 0
0 18 24 14 20 7 9 25 3 4 2 30 12 6 11 8 23 29 16 15 10 5 27 19 17 13 21 22 28 26 1 0
0 8 16 7 13 2 25 18 4 11 29 12 22 1 15 24 19 21 26 17 20 6 9 14 28 30 27 23 3 5 10 0
0 25 26 22 20 2 10 8 29 28 4 15 7 16 13 11 18 3 9 6 17 23 1 12 27 24 5 30 19 14 21 0
0 1 4 24 25 28 3 20 9 8 12 29 5 19 21 27 18 23 7 30 13 22 6 17 15 26 2 16 10 14 11 0
0 22 14 29 19 20 25 9 15 5 1 4 16 13 8 3 21 17 27 7 11 30 23 18 24 28 2 12 6 26 10 0
0 26 24 25 3 5 14 30 7 20 4 13 27 18 10 23 8 19 16 17 2 1 15 21 29 22 11 6 28 9 12 0
0 16 17 10 23 13 30 9 2 11 24 12 15 14 4 25 8 20 29 3 7 27 28 6 5 19 1 26 22 21 18 0
0 10 25 6 5 24 7 3 17 8 15 14 9 18 12 28 20 27 1 30 29 21 16 4 26 11 2 22 13 23 19 0
0 14 19 28 17 1 30 4 26 12 27 25 6 11 16 8 21 13 3 18 22 10 9 7 5 24 29 23 15 20 2 0
0 23 6 18 11 29 24 16 14 2 26 28 8 15 25 20 7 12 1 19 17 3 21 13 10 30 5 27 22 9 4 0
0 21 30 11 16 17 29 19 9 8 12 5 6 3 10 26 1 4 13 15 2 23 14 20 22 24 18 25 28 27 7 0
0 17 23 6 11 24 13 22 29 8 3 26 4 7 12 2 21 9 15 18 16 14 20 10 5 1 27 19 25 28 30 0
0 7 5 15 25 21 30 2 24 4 12 16 8 3 10 19 27 11 14 28 6 26 13 9 29 17 23 20 1 22 18 0
0 6 19 24 20 21 26 29 9 25 27 11 18 5 7 16 14 2 10 17 1 15 28 30 13 23 12 8 4 3 22 0
0 10 19 9 4 16 25 6 7 3 13 28 29 8 26 20 14 2 27 30 17 24 21 12 15 22 18 1 5 23 11 0
