# n n_solutions
33 1000
# n x n distance matrix
0 6826 5281 3443 4833 6260 6484 6529 6931 6977 7291 6390 5630 6905 7400 7710 11524 8514 9095 9167 10796 10124 10336 11886 11363 9304 8945 9687 9631 8570 5797 6103 6762
6826 0 2109 3807 6122 2505 2507 2600 2570 2668 2507 1788 1984 600 781 921 5672 1702 2624 2640 4272 3701 3667 5124 4539 2517 2580 3383 3748 3640 2418 1063 2184
5281 2109 0 1910 4036 1252 1442 1526 1843 1920 2126 1118 360 1868 2884 2996 7762 3700 3847 3931 5531 4850 5124 6711 6319 4522 4687 5491 5813 5464 3255 2195 1562
3443 3807 1910 0 3101 2817 3041 3088 3488 3535 3848 2983 2236 3712 4522 4729 9228 5491 5755 5842 7433 6746 7034 8620 8205 6315 6276 7077 7256 6594 3905 3448 3324
4833 6122 4036 3101 0 3939 4085 4049 4396 4368 4780 4565 4140 5768 6902 6963 11792 7580 7116 7242 8532 7844 8393 9968 9835 8372 8700 9500 9849 9436 6911 6161 4531
6260 2505 1252 2817 3939 0 223 282 670 721 1044 721 948 2000 3244 3189 8065 3701 3238 3354 4801 4101 4539 6140 5920 4465 4957 5728 6200 6132 4300 3041 608
6484 2507 1442 3041 4085 223 0 100 447 500 824 728 1118 1972 3224 3140 8005 3612 3059 3178 4600 3900 4356 5953 5756 4360 4904 5663 6161 6146 4404 3114 447
6529 2600 1526 3088 4049 282 100 0 412 447 806 824 1208 2059 3312 3220 8080 3679 3080 3201 4601 3901 4373 5968 5787 4420 4981 5738 6242 6239 4504 3214 500
6931 2570 1843 3488 4396 670 447 412 0 100 400 921 1500 1992 3231 3088 7902 3471 2720 2846 4204 3505 4002 5590 5442 4177 4825 5560 6105 6198 4638 3301 400
6977 2668 1920 3535 4368 721 500 447 100 0 412 1019 1581 2088 3324 3176 7981 3546 2751 2879 4210 3512 4026 5608 5478 4244 4909 5640 6191 6293 4738 3401 500
7291 2507 2126 3848 4780 1044 824 806 400 412 0 1081 1769 1910 3104 2915 7660 3220 2340 2469 3805 3106 3613 5197 5069 3889 4614 5325 5905 6087 4707 3337 565
6390 1788 1118 2983 4565 721 728 824 921 1019 1081 0 761 1280 2523 2475 7355 3023 2801 2900 4455 3765 4100 5700 5393 3807 4244 5020 5481 5423 3721 2402 538
5630 1984 360 2236 4140 948 1118 1208 1500 1581 1769 761 0 1655 2765 2830 7657 3492 3522 3612 5197 4512 4809 6403 6040 4308 4560 5360 5728 5470 3413 2247 1204
6905 600 1868 3712 5768 2000 1972 2059 1992 2088 1910 1280 1655 0 1252 1204 6081 1838 2282 2325 3981 3361 3448 4981 4500 2657 2969 3753 4201 4205 2954 1565 1615
7400 781 2884 4522 6902 3244 3224 3312 3231 3324 3104 2523 2765 1252 0 424 4891 1170 2607 2580 4103 3623 3420 4742 4052 1910 1802 2607 2973 2983 2408 1334 2863
7710 921 2996 4729 6963 3189 3140 3220 3088 3176 2915 2475 2830 1204 424 0 4879 806 2195 2163 3679 3201 3000 4346 3687 1603 1769 2549 3023 3224 2831 1708 2745
11524 5672 7762 9228 11792 8065 8005 8080 7902 7981 7660 7355 7657 6081 4891 4879 0 4440 5869 5738 6040 6161 5393 5234 4304 3847 3111 2343 1972 3014 5728 5780 7592
8514 1702 3700 5491 7580 3701 3612 3679 3471 3546 3220 3023 3492 1838 1170 806 4440 0 1824 1746 3061 2683 2334 3577 2886 824 1456 2109 2751 3324 3522 2500 3182
9095 2624 3847 5755 7116 3238 3059 3080 2720 2751 2340 2801 3522 2282 2607 2195 5869 1824 0 141 1708 1081 1303 2906 2731 2061 3201 3687 4440 5147 4967 3679 2630
9167 2640 3931 5842 7242 3354 3178 3201 2846 2879 2469 2900 3612 2325 2580 2163 5738 1746 141 0 1655 1063 1200 2801 2600 1941 3100 3569 4328 5063 4957 3687 2745
10796 4272 5531 7433 8532 4801 4600 4601 4204 4210 3805 4455 5197 3981 4103 3679 6040 3061 1708 1655 0 700 761 1526 1923 2823 4085 4275 5099 6146 6511 5300 4204
10124 3701 4850 6746 7844 4101 3900 3901 3505 3512 3106 3765 4512 3361 3623 3201 6161 2683 1081 1063 700 0 806 2154 2334 2630 3883 4201 5008 5920 6014 4750 3505
10336 3667 5124 7034 8393 4539 4356 4373 4002 4026 3613 4100 4809 3448 3420 3000 5393 2334 1303 1200 761 806 0 1603 1562 2061 3324 3535 4356 5385 5825 4664 3931
11886 5124 6711 8620 9968 6140 5953 5968 5590 5608 5197 5700 6403 4981 4742 4346 5234 3577 2906 2801 1526 2154 1603 0 984 3000 4103 3996 4788 6080 7083 6053 5532
11363 4539 6319 8205 9835 5920 5756 5787 5442 5478 5069 5393 6040 4500 4052 3687 4304 2886 2731 2600 1923 2334 1562 984 0 2193 3189 3023 3807 5122 6307 5385 5316
9304 2517 4522 6315 8372 4465 4360 4420 4177 4244 3889 3807 4308 2657 1910 1603 3847 824 2061 1941 2823 2630 2061 3000 2193 0 1264 1627 2402 3324 4114 3238 3920
8945 2580 4687 6276 8700 4957 4904 4981 4825 4909 4614 4244 4560 2969 1802 1769 3111 1456 3201 3100 4085 3883 3324 4103 3189 1264 0 806 1300 2061 3354 2886 4500
9687 3383 5491 7077 9500 5728 5663 5738 5560 5640 5325 5020 5360 3753 2607 2549 2343 2109 3687 3569 4275 4201 3535 3996 3023 1627 806 0 824 2121 4004 3668 5249
9631 3748 5813 7256 9849 6200 6161 6242 6105 6191 5905 5481 5728 4201 2973 3023 1972 2751 4440 4328 5099 5008 4356 4788 3807 2402 1300 824 0 1476 3847 3807 5768
8570 3640 5464 6594 9436 6132 6146 6239 6198 6293 6087 5423 5470 4205 2983 3224 3014 3324 5147 5063 6146 5920 5385 6080 5122 3324 2061 2121 1476 0 2817 3280 5818
5797 2418 3255 3905 6911 4300 4404 4504 4638 4738 4707 3721 3413 2954 2408 2831 5728 3522 4967 4957 6511 6014 5825 7083 6307 4114 3354 4004 3847 2817 0 1392 4242
6103 1063 2195 3448 6161 3041 3114 3214 3301 3401 3337 2402 2247 1565 1334 1708 5780 2500 3679 3687 5300 4750 4664 6053 5385 3238 2886 3668 3807 3280 1392 0 2901
6762 2184 1562 3324 4531 608 447 500 400 500 565 538 1204 1615 2863 2745 7592 3182 2630 2745 4204 3505 3931 5532 5316 3920 4500 5249 5768 5818 4242 2901 0
# set of given starting solutions
0 2 25 15 23 20 29 26 3 22 7 11 17 10 32 16 19 28 9 4 14 5 21 30 12 31 18 13 1 27 8 6 24 0
0 29 4 9 1 15 5 23 20 7 8 14 28 30 10 26 3 19 31 11 17 12 27 25 21 6 16 22 2 32 13 18 24 0
0 16 28 6 13 27 4 26 18 15 30 25 1 10 22 29 12 11 7 14 21 19 2 3 5 23 32 8 20 24 17 9 31 0
0 2 20 25 12 27 30 26 5 6 16 32 22 10 24 17 29 31 4 9 15 11 1 13 7 3 23 19 14 18 21 8 28 0
0 8 2 21 20 7 10 4 17 6 1 32 25 11 24 28 18 23 5 16 14 27 29 12 9 15 30 19 26 13 22 31 3 0
0 11 8 3 31 26 18 10 19 30 14 1 20 29 13 32 7 23 2 12 15 9 25 28 6 24 27 4 22 5 16 17 21 0
0 19 8 4 7 5 26 1 31 6 24 12 11 10 30 16 18 23 17 21 29 13 9 14 27 3 22 28 15 25 20 2 32 0
0 9 19 15 11 4 30 31 16 8 27 29 25 17 2 24 13 32 22 3 18 26 14 1 7 20 23 12 5 28 21 6 10 0
0 4 25 27 2 13 26 14 22 31 17 7 15 5 18 24 20 29 32 16 9 11 6 10 3 23 12 19 30 28 8 21 1 0
0 20 31 19 5 9 18 8 30 2 21 26 17 11 32 13 23 22 28 10 16 7 12 3 24 15 29 4 25 27 14 6 1 0
0 1 32 14 28 3 25 4 13 23 5 7 27 10 20 30 6 21 17 15 22 29 24 18 2 11 16 19 26 8 9 12 31 0
0 17 2 11 26 20 16 10 25 19 5 29 32 18 4 15 22 7 30 13 6 24 1 8 9 28 14 31 23 21 3 27 12 0
0 16 27 32 15 1 24 22 6 25 5 3 17 19 20 9 29 18 28 23 4 10 30 26 2 31 8 14 13 11 21 7 12 0
0 19 5 29 2 4 32 22 16 6 11 26 18 7 17 3 24 27 15 1 13 9 31 8 20 12 10 28 30 21 14 25 23 0
0 21 31 3 20 6 26 7 16 2 12 10 25 32 18 8 15 23 13 19 22 14 30 28 11 5 27 29 1 4 17 9 24 0
0 22 25 32 15 2 21 23 1 13 31 14 26 12 5 16 3 11 17 8 18 6 27 28 7 10 9 19 4 29 24 30 20 0
0 3 12 9 22 23 29 5 13 4 31 14 17 1 16 26 19 32 30 6 18 28 8 25 10 21 11 2 27 20 24 15 7 0
0 26 10 20 23 1 29 32 15 8 25 28 18 14 19 7 30 5 12 17 3 4 22 16 6 31 2 21 27 13 9 11 24 0
0 3 10 4 1 7 31 26 20 8 22 17 16 27 29 24 15 21 14 28 5 11 30 23 13 2 19 6 12 18 32 25 9 0
0 23 28 3 32 21 18 29 4 27 6 25 19 31 1 22 13 8 9 2 24 11 30 15 20 14 10 26 5 7 17 16 12 0
0 19 30 21 25 12 5 23 24 2 1 27 31 9 16 14 20 13 3 18 28 17 15 22 4 11 26 10 32 7 29 6 8 0
0 8 23 20 17 2 29 30 32 21 12 27 31 19 22 16 3 5 7 1 11 26 25 15 18 24 13 10 14 28 4 6 9 0
0 21 20 26 24 3 30 25 22 2 28 13 19 10 11 7 14 16 31 27 32 9 15 1 6 5 29 12 23 4 17 18 8 0
0 22 15 13 5 2 16 17 29 21 11 23 9 26 4 20 12 31 27 6 18 32 19 7 25 1 28 8 24 14 30 3 10 0
0 20 28 5 21 14 19 15 25 32 31 29 17 10 16 1 27 26 6 7 11 12 18 9 23 2 13 30 3 24 8 22 4 0
0 15 2 16 27 25 18 3 5 9 8 32 11 22 30 6 26 10 4 29 23 31 20 24 28 7 14 12 19 17 21 13 1 0
0 32 24 25 21 16 17 28 11 19 26 15 23 27 12 31 13 29 2 1 3 9 22 8 5 4 18 20 30 6 7 10 14 0
0 21 2 18 20 8 27 5 19 4 26 31 7 14 10 12 1 6 13 15 9 30 24 32 23 11 29 25 28 22 3 17 16 0
0 17 4 31 18 30 23 24 3 8 27 1 11 26 2 20 9 16 10 13 25 22 29 19 14 21 6 12 7 15 32 28 5 0
0 16 3 12 22 17 27 8 5 11 20 18 32 28 31 25 13 30 4 1 9 2 6 15 19 7 14 24 29 26 10 23 21 0
0 29 32 14 17 30 21 25 28 8 7 2 3 9 16 6 15 13 10 22 1 26 19 18 20 12 5 31 11 24 23 27 4 0
0 1 29 26 22 16 31 6 32 2 17 15 3 28 18 27 25 7 4 5 12 19 13 30 11 21 24 14 10 8 9 20 23 0
0 10 28 12 23 25 5 32 19 14 17 1 29 3 18 2 24 11 7 30 4 13 26 31 9 20 22 15 21 27 8 16 6 0
0 31 3 13 19 27 28 24 11 17 8 20 4 26 18 12 10 30 25 23 21 29 2 5 32 14 1 6 9 15 22 16 7 0
0 32 10 14 29 16 15 28 5 27 1 19 18 7 11 30 12 20 22 23 6 2 8 9 13 4 25 24 3 31 17 26 21 0
0 13 29 18 14 7 19 27 25 32 6 26 17 11 30 22 1 10 28 21 16 23 9 20 15 4 24 3 31 12 5 2 8 0
0 15 6 23 21 27 24 29 2 7 8 17 13 4 10 31 1 12 25 3 32 18 5 22 30 26 16 9 11 14 19 28 20 0
0 12 32 25 17 4 9 11 6 31 13 5 28 27 2 18 19 7 23 14 30 3 8 24 22 29 1 20 10 15 21 26 16 0
0 19 30 10 27 7 24 1 16 6 13 23 18 12 15 9 8 28 11 21 14 3 2 4 17 22 20 5 29 31 26 32 25 0
0 22 31 27 29 4 21 12 16 9 24 3 5 11 17 8 13 7 14 25 30 28 15 18 2 26 32 10 1 19 6 20 23 0
0 4 17 21 10 11 14 29 20 25 9 6 26 2 13 15 1 30 16 23 22 31 3 8 27 24 12 32 18 5 19 7 28 0
0 18 14 30 17 20 4 6 19 3 23 2 8 11 7 27 13 22 9 12 21 15 25 5 10 1 31 29 26 24 28 16 32 0
0 6 22 26 23 28 29 10 11 24 14 31 13 7 2 21 4 8 16 5 32 1 25 3 30 17 15 19 27 18 9 12 20 0
0 27 28 18 21 29 13 24 4 20 1 7 14 19 2 31 22 25 8 11 17 5 32 30 6 10 9 3 23 12 16 15 26 0
0 22 10 4 24 11 8 19 6 30 26 23 13 21 14 31 28 9 20 2 12 5 7 25 3 15 29 27 17 1 32 18 16 0
0 20 21 19 10 23 31 7 16 24 28 11 25 2 3 9 5 6 29 32 14 15 26 27 8 4 30 22 12 17 1 18 13 0
0 18 13 2 26 15 22 5 23 32 29 6 24 19 9 14 12 30 25 4 1 31 21 8 11 3 27 17 28 10 16 20 7 0
0 15 3 21 23 30 1 11 18 28 27 12 4 19 32 9 29 5 22 7 13 10 2 16 6 31 24 14 20 17 26 25 8 0
0 22 13 20 8 31 2 19 7 1 12 4 17 14 32 23 15 11 25 18 26 30 9 29 21 16 27 10 28 5 6 3 24 0
0 3 25 2 14 9 4 15 1 28 20 24 23 10 8 29 17 5 11 18 22 27 13 21 16 6 26 31 19 12 32 7 30 0
0 9 14 16 15 13 10 28 11 25 29 1 19 26 4 7 20 6 23 3 32 24 30 8 17 27 5 18 21 2 31 22 12 0
0 32 21 23 8 7 2 5 30 27 4 22 31 14 11 12 13 6 17 28 18 26 19 1 16 25 10 29 9 15 20 3 24 0
0 28 21 18 19 5 26 9 14 13 2 8 4 31 17 1 22 32 16 10 15 12 30 3 11 20 7 6 24 23 25 29 27 0
0 15 1 18 23 24 16 20 25 21 26 6 30 14 27 5 19 9 10 31 22 12 3 28 13 11 17 8 4 29 7 2 32 0
0 21 22 11 8 25 16 3 27 20 6 14 23 17 10 5 13 32 31 24 9 7 15 18 29 1 12 19 2 28 4 26 30 0
0 32 30 11 18 15 13 19 22 14 27 23 6 7 29 26 25 12 1 24 10 28 17 8 16 5 4 2 31 21 9 20 3 0
0 8 14 21 18 1 5 32 31 3 23 11 15 19 29 2 28 27 10 4 30 12 6 22 17 13 20 16 26 9 7 25 24 0
0 22 14 32 7 5 10 1 13 21 6 23 20 25 31 19 9 11 28 3 4 24 30 17 2 29 26 18 12 15 27 8 16 0
0 13 21 4 3 11 23 8 30 17 2 27 1 22 7 19 18 6 24 31 25 9 29 5 16 14 20 15 10 12 32 26 28 0
0 26 9 27 30 21 29 15 25 31 22 8 28 4 14 18 11 3 10 23 20 24 2 7 16 32 19 13 1 6 17 12 5 0
0 13 16 19 25 10 7 23 14 22 12 4 18 6 11 32 3 27 8 17 31 24 29 21 26 28 15 9 1 30 5 20 2 0
0 19 25 15 8 27 13 5 2 18 31 22 7 23 21 14 6 12 17 20 9 29 28 32 4 3 26 16 24 1 11 10 30 0
0 11 15 20 10 25 12 24 14 8 19 6 17 22 5 28 23 30 13 31 27 2 26 18 29 32 3 7 21 4 9 1 16 0
0 17 2 25 3 23 4 7 18 27 32 21 1 15 29 24 13 26 11 10 16 5 12 8 6 31 19 30 9 28 14 22 20 0
0 8 17 10 25 29 3 22 7 15 30 12 18 6 4 16 26 9 27 31 5 1 13 19 2 28 21 11 20 23 14 24 32 0
0 3 17 5 4 25 20 7 19 30 10 6 16 24 28 11 32 1 27 23 15 2 22 12 26 9 14 21 31 13 18 8 29 0
0 14 17 31 21 30 26 7 4 32 24 6 1 20 18 12 10 25 13 8 29 3 9 22 15 11 16 27 28 19 2 23 5 0
0 20 10 15 29 5 26 21 22 2 13 18 4 1 12 6 24 9 16 30 32 28 19 11 3 7 25 27 8 31 23 17 14 0
0 5 14 10 6 29 3 31 28 32 12 1 2 4 27 24 25 23 20 9 30 21 8 19 16 13 22 15 11 26 7 17 18 0
0 8 31 7 18 2 12 23 11 17 30 10 1 9 5 25 29 24 15 16 27 26 21 19 14 32 13 22 20 28 3 6 4 0
0 7 31 25 19 10 24 13 16 15 2 11 28 21 5 4 6 29 20 17 14 3 8 9 1 27 30 23 32 22 18 12 26 0
0 26 19 21 24 18 12 25 17 11 6 27 30 31 14 23 22 29 5 8 10 32 7 9 28 2 13 16 1 20 15 4 3 0
0 13 14 6 23 27 30 24 15 1 12 25 31 11 20 7 32 26 21 4 29 5 18 10 3 17 9 28 19 8 16 22 2 0
0 30 22 20 19 25 7 21 29 18 17 3 32 13 12 28 14 15 16 4 5 6 2 9 8 1 23 11 10 27 26 24 31 0
0 9 11 27 22 28 8 24 30 16 7 31 10 19 4 5 1 21 3 23 32 13 29 17 18 12 15 26 20 2 14 25 6 0
0 11 19 21 25 20 13 2 5 26 6 3 28 17 30 4 27 15 32 8 29 18 22 7 1 14 23 10 16 24 9 12 31 0
0 27 26 15 4 18 31 1 16 21 29 2 8 6 20 5 30 9 11 12 10 22 3 17 25 32 23 19 7 24 14 28 13 0
0 16 5 27 2 14 10 11 28 31 19 8 6 21 3 4 13 24 7 20 30 32 22 29 9 17 25 12 1 26 23 18 15 0
0 25 11 26 30 18 5 27 1 23 20 28 16 4 2 31 14 9 17 22 7 19 10 6 3 13 21 12 8 29 15 24 32 0
0 27 18 26 22 4 5 6 16 2 21 17 15 14 20 12 32 24 23 9 19 11 8 7 30 25 31 29 10 28 3 1 13 0
0 30 7 22 27 10 18 14 6 23 24 5 8 1 20 29 13 11 19 25 15 16 2 4 17 28 32 9 26 3 12 31 21 0
0 12 7 13 22 26 2 32 6 24 19 1 15 8 9 23 31 21 28 5 30 17 29 11 10 20 14 4 18 3 27 25 16 0
0 1 22 19 5 4 23 18 8 7 31 24 9 28 14 10 11 2 29 17 21 16 32 27 13 12 15 6 3 26 20 30 25 0
0 29 4 25 28 26 24 32 22 2 17 15 19 21 14 6 13 31 3 20 27 8 5 23 10 12 16 7 18 9 30 1 11 0
0 20 18 28 15 23 3 14 9 25 12 30 26 19 32 16 31 6 22 21 1 4 10 7 24 17 29 11 5 13 2 8 27 0
0 14 29 19 18 30 12 13 26 25 24 11 31 10 5 16 1 21 28 8 2 32 15 6 4 17 20 23 7 22 3 9 27 0
0 8 10 22 4 6 29 3 30 24 9 12 20 23 28 18 31 14 15 7 5 2 32 17 11 16 25 27 13 26 21 19 1 0
0 22 10 19 32 6 30 13 18 7 3 14 29 25 27 2 21 1 15 31 26 4 8 28 16 11 12 17 5 9 20 24 23 0
0 2 25 24 11 31 17 8 29 3 30 19 27 21 28 20 12 6 5 26 14 7 10 1 18 13 4 22 32 23 15 16 9 0
0 24 6 22 11 1 13 21 15 26 23 10 19 20 12 4 2 28 9 7 30 3 5 31 25 17 8 18 14 29 16 27 32 0
0 17 6 31 7 12 19 29 13 23 22 11 14 27 20 18 9 4 24 30 15 26 25 1 2 16 28 5 21 32 3 8 10 0
0 4 7 32 15 10 25 12 28 17 6 8 2 19 27 21 20 31 11 13 23 9 14 29 22 5 18 24 30 16 1 26 3 0
0 16 7 12 31 14 3 32 27 4 15 5 2 10 26 20 29 17 19 23 9 13 24 22 1 25 11 6 21 30 18 8 28 0
0 6 30 21 11 1 26 24 28 8 14 32 12 15 25 10 13 3 29 19 31 9 22 2 16 20 23 4 7 18 17 27 5 0
0 9 26 14 1 29 18 32 31 20 8 10 23 11 30 6 15 28 24 27 13 5 16 12 21 3 19 4 7 22 17 2 25 0
0 25 13 22 4 12 7 2 27 8 19 30 18 9 11 6 21 16 28 23 3 1 17 10 32 14 26 20 29 15 5 24 31 0
0 13 3 4 24 31 11 5 29 23 7 10 8 22 14 19 12 28 15 18 25 16 17 32 2 1 26 9 27 21 30 6 20 0
0 23 20 8 11 18 9 26 17 5 12 1 29 27 22 10 31 3 25 21 30 16 2 19 13 32 6 14 15 4 24 7 28 0
0 7 25 15 22 18 29 20 19 9 6 12 3 24 31 5 4 8 2 27 10 16 32 23 30 26 13 1 17 14 21 28 11 0
0 21 22 24 11 2 19 18 7 14 12 6 32 4 23 28 29 13 31 16 27 5 26 1 10 3 25 30 17 15 9 8 20 0
0 6 25 7 30 28 11 15 24 12 22 9 1 29 14 16 20 27 10 8 2 13 4 19 18 21 26 23 5 31 32 17 3 0
0 7 14 11 4 25 32 22 31 19 16 10 9 27 23 13 1 8 28 29 26 30 18 24 21 2 12 5 6 3 15 20 17 0
0 19 13 18 28 17 31 32 11 14 22 5 6 29 20 23 2 3 10 9 16 12 1 30 8 25 24 7 27 15 21 26 4 0
0 27 12 1 25 14 18 6 28 11 20 8 10 15 26 32 3 7 13 5 9 23 22 30 16 19 31 2 24 29 21 17 4 0
0 6 16 2 1 19 10 4 24 20 3 13 18 28 22 23 8 12 29 7 26 14 17 11 25 31 30 27 21 15 9 5 32 0
0 21 2 8 30 17 5 31 24 19 22 6 25 11 9 28 1 18 23 10 12 4 29 20 14 32 27 13 26 16 7 3 15 0
0 12 15 13 26 6 14 2 5 31 8 3 9 28 4 25 32 19 24 11 18 1 29 20 22 21 27 30 17 16 7 23 10 0
0 26 3 21 11 9 5 17 24 13 7 30 23 2 4 16 22 32 31 12 29 14 10 1 20 15 18 25 27 28 6 8 19 0
0 22 17 24 29 11 21 31 5 2 16 14 12 3 7 23 25 32 1 26 28 19 15 6 10 4 27 20 18 30 8 9 13 0
0 29 7 1 11 19 28 14 4 3 21 30 27 12 32 24 18 8 23 13 20 16 26 15 22 10 5 25 31 17 2 9 6 0
0 29 13 31 9 27 28 20 12 26 2 10 18 4 11 7 14 24 21 32 3 16 1 23 17 15 19 5 30 25 22 8 6 0
0 7 2 30 29 12 3 22 27 15 20 21 10 25 14 32 23 13 19 6 5 31 8 1 26 16 28 18 4 24 11 9 17 0
0 17 22 30 12 9 10 3 1 24 28 18 15 11 14 25 8 2 7 32 20 23 21 16 13 4 27 5 31 19 26 29 6 0
0 21 20 17 6 19 32 3 25 5 27 18 2 7 1 22 12 30 13 14 23 16 10 26 28 11 8 29 24 15 4 31 9 0
0 11 26 23 10 24 19 7 17 3 12 2 21 28 18 27 22 30 25 32 9 1 13 15 8 31 6 5 16 20 14 29 4 0
0 13 8 14 3 2 22 30 17 27 5 29 19 10 12 16 6 15 23 32 24 11 7 1 4 31 25 18 9 26 28 21 20 0
0 31 30 8 25 12 11 3 21 10 6 2 28 18 23 14 15 7 19 9 4 24 32 27 17 13 26 20 16 29 5 22 1 0
0 24 12 13 15 21 18 31 4 30 23 14 19 29 26 28 5 7 3 16 25 20 32 22 8 27 6 17 9 11 1 10 2 0
0 30 10 5 8 21 23 31 15 2 14 20 16 6 18 22 26 27 7 11 4 32 25 17 13 1 28 12 24 29 19 3 9 0
0 3 25 18 21 10 29 5 7 19 14 8 28 12 32 13 9 22 2 15 24 1 23 26 20 27 6 11 16 17 4 31 30 0
0 19 5 18 29 27 32 25 13 7 20 17 12 31 24 10 15 30 9 28 1 22 2 3 8 26 23 6 4 21 16 11 14 0
0 19 30 18 14 21 12 5 32 9 28 8 15 1 16 26 31 25 23 4 24 29 7 17 11 20 13 6 2 27 22 3 10 0
0 10 26 20 5 30 4 19 11 29 27 7 31 21 17 1 18 13 9 3 22 23 16 6 24 14 15 8 12 32 25 28 2 0
0 1 23 31 28 20 25 29 10 2 5 3 24 13 7 22 11 17 15 30 9 12 14 26 16 8 32 19 21 27 18 4 6 0
0 21 7 25 28 13 9 26 4 30 20 8 29 12 17 6 2 16 24 31 18 27 10 3 32 23 1 19 11 5 14 15 22 0
0 7 27 17 12 15 22 5 30 13 4 8 3 6 20 19 16 18 14 26 21 10 24 11 1 31 32 9 29 25 23 28 2 0
0 17 22 27 8 15 30 26 13 20 28 29 10 31 11 6 5 1 23 4 16 2 19 24 7 25 12 21 18 3 9 14 32 0
0 13 20 29 2 4 32 6 31 24 8 11 26 23 10 18 16 17 14 27 22 15 30 12 25 1 3 7 19 5 21 28 9 0
0 3 23 20 13 17 32 22 14 27 4 12 5 30 8 2 16 9 28 6 10 18 19 25 24 29 31 7 15 1 26 21 11 0
0 25 13 28 23 32 6 30 11 16 9 18 10 1 12 3 7 26 14 2 20 22 15 19 27 17 24 29 21 8 4 31 5 0
0 20 13 22 18 8 26 32 23 14 21 2 4 31 5 10 19 25 9 16 3 29 28 17 27 24 12 1 30 11 6 7 15 0
0 20 24 14 18 32 10 25 3 26 9 6 16 11 23 2 29 8 12 28 15 19 30 13 17 31 1 7 21 4 5 27 22 0
0 3 22 1 15 27 14 10 24 11 28 26 7 9 19 12 23 5 16 32 30 13 6 20 2 25 4 17 29 31 21 8 18 0
0 4 3 24 8 5 14 20 27 17 6 13 32 28 16 11 18 23 21 26 2 29 25 10 1 30 22 15 12 9 19 31 7 0
0 24 18 28 7 32 23 19 12 27 1 8 26 16 13 3 22 9 29 14 30 5 25 6 21 4 2 20 31 17 10 11 15 0
0 6 4 3 16 25 21 17 13 8 29 27 24 28 12 11 14 31 23 5 1 20 15 19 9 10 22 18 30 32 26 7 2 0
0 1 22 14 9 11 23 24 13 4 30 10 3 26 16 7 19 28 31 8 17 29 6 21 18 2 5 12 15 20 25 27 32 0
0 4 9 28 21 29 30 18 26 32 20 16 7 24 3 11 14 1 19 2 6 27 15 22 5 10 8 23 31 12 13 17 25 0
0 30 4 23 2 15 7 1 31 9 3 17 11 21 5 22 6 29 25 26 14 12 10 27 8 16 19 13 20 28 18 32 24 0
0 30 11 31 15 1 25 19 13 7 8 26 5 17 3 28 12 22 20 18 10 23 27 9 21 32 14 4 2 6 29 24 16 0
0 32 24 10 4 25 14 23 19 28 16 18 29 27 7 26 9 31 3 11 12 30 22 21 13 8 5 15 6 2 20 1 17 0
0 24 17 27 21 15 14 32 7 3 11 25 2 31 22 6 12 8 5 18 28 10 26 23 30 29 16 1 19 13 20 9 4 0
0 20 24 32 17 7 14 25 18 15 26 31 11 9 1 22 6 16 3 29 13 5 8 21 27 19 30 23 28 10 12 2 4 0
0 13 17 8 7 25 30 2 5 11 23 29 16 15 4 32 27 21 3 14 6 26 18 1 19 20 22 28 10 31 12 24 9 0
0 8 7 15 24 18 2 6 5 14 10 31 22 27 20 26 4 17 1 11 12 30 13 21 32 9 16 28 23 25 19 3 29 0
0 23 24 9 22 8 16 29 32 5 4 30 17 12 10 1 21 18 15 26 19 27 14 2 11 31 7 13 25 28 20 3 6 0
0 19 18 3 32 31 15 16 8 30 24 20 17 2 4 11 9 26 28 1 6 23 22 10 5 27 7 25 13 12 14 21 29 0
0 4 6 24 21 16 17 15 3 28 29 25 13 9 11 2 8 1 5 14 22 7 10 30 26 12 31 32 19 20 27 23 18 0
0 6 29 23 1 27 30 18 24 20 31 26 22 2 9 10 17 11 14 4 13 5 21 15 3 28 12 19 7 16 32 25 8 0
0 30 5 1 4 21 24 29 9 23 7 25 3 22 26 13 28 17 18 6 32 19 8 2 27 20 31 10 15 14 12 11 16 0
0 11 6 30 26 17 18 15 24 14 20 25 10 28 1 4 13 12 22 19 31 8 32 27 29 16 7 2 9 23 21 5 3 0
0 30 24 21 7 9 2 11 26 22 15 6 23 14 32 29 20 8 4 5 10 19 18 12 1 25 27 17 16 13 31 3 28 0
0 27 13 8 26 23 16 19 2 5 29 10 14 20 31 6 15 4 28 25 32 18 24 22 30 1 21 3 17 11 7 9 12 0
0 28 12 1 30 26 20 14 15 23 27 4 10 18 9 22 32 16 17 21 24 13 25 29 2 5 31 19 7 3 11 6 8 0
0 20 3 5 18 14 1 27 22 9 17 19 4 11 8 31 23 26 10 24 7 25 6 32 13 15 21 30 28 2 16 12 29 0
0 31 10 25 11 30 2 23 28 29 21 14 17 1 22 24 6 32 9 26 8 5 3 27 4 13 12 16 19 18 15 7 20 0
0 8 11 5 27 18 12 21 7 6 15 20 31 29 22 2 30 17 13 24 14 23 9 10 1 16 3 4 19 25 32 26 28 0
0 9 26 14 12 6 11 23 10 27 22 15 7 18 3 21 5 31 24 8 16 1 29 2 19 13 4 17 25 20 30 32 28 0
0 26 18 5 6 12 14 10 24 29 4 19 1 8 27 17 7 13 22 2 15 16 32 3 28 30 25 23 21 9 31 11 20 0
0 25 11 7 24 32 15 4 29 18 6 1 22 3 30 10 17 26 14 5 9 21 13 8 23 28 2 20 19 27 12 16 31 0
0 15 5 30 6 28 13 22 19 29 16 25 23 10 8 4 9 12 21 32 1 27 11 3 7 2 18 31 17 24 20 26 14 0
0 7 18 2 23 13 1 27 9 8 17 24 16 30 32 4 11 22 12 3 19 29 5 15 14 21 26 6 20 10 28 31 25 0
0 15 13 14 21 30 2 26 20 3 10 18 27 4 5 9 8 6 17 24 11 7 16 12 19 28 1 29 23 31 22 32 25 0
0 22 8 31 4 24 10 19 28 25 12 13 16 5 1 21 27 15 26 17 11 9 14 30 6 18 20 23 32 29 3 2 7 0
0 26 13 12 7 14 18 4 21 3 17 22 31 29 15 27 20 1 10 6 32 24 16 5 23 28 25 11 2 30 8 19 9 0
0 17 26 21 32 20 22 5 13 3 7 18 14 6 27 9 4 10 11 8 25 19 15 2 29 12 1 30 16 31 28 23 24 0
0 5 28 9 6 30 2 10 24 15 26 19 22 8 7 29 17 16 32 18 13 20 12 4 31 14 25 11 3 27 21 23 1 0
0 25 12 18 4 10 5 14 22 23 24 32 26 3 8 15 17 16 19 21 9 2 1 28 13 7 31 11 27 30 29 20 6 0
0 17 6 31 15 8 25 4 27 28 29 1 7 30 14 12 13 20 10 21 22 23 32 3 5 11 9 2 26 16 18 19 24 0
0 8 26 22 15 28 6 30 24 23 1 32 4 2 14 12 19 18 5 7 25 9 3 31 17 10 11 13 27 29 16 20 21 0
0 27 25 7 16 15 17 1 9 23 12 3 20 13 19 32 24 18 14 6 10 8 4 29 11 5 21 2 22 28 31 26 30 0
0 31 25 12 18 23 32 16 29 17 8 21 14 30 7 22 9 19 26 15 20 4 10 5 28 24 1 13 3 2 6 11 27 0
0 2 10 32 21 22 8 12 29 15 26 25 11 24 16 30 4 17 14 28 1 31 5 23 18 19 3 7 20 13 27 9 6 0
0 6 17 3 12 26 13 7 15 19 22 1 18 20 25 2 32 4 11 31 10 9 23 30 24 8 21 27 28 14 29 5 16 0
0 8 18 31 14 13 21 1 11 3 16 5 10 2 20 7 24 26 17 25 30 27 22 4 6 29 9 23 12 28 15 32 19 0
0 14 7 21 13 3 5 20 29 6 12 32 31 2 27 15 30 23 25 26 16 1 10 19 24 22 28 9 11 18 4 8 17 0
0 11 23 31 21 30 1 27 25 24 4 32 19 10 2 16 17 26 5 20 22 6 12 3 9 8 13 18 28 7 14 29 15 0
0 30 21 32 13 4 16 29 26 18 19 3 20 27 28 25 8 9 6 14 7 1 23 2 5 15 31 12 24 22 11 17 10 0
0 25 16 7 13 18 14 12 29 31 20 19 10 8 6 11 30 24 17 28 9 2 5 32 23 27 15 22 3 4 1 21 26 0
0 3 1 31 21 7 25 10 4 19 2 26 12 17 5 30 23 32 27 13 22 28 8 16 24 14 6 15 18 29 9 11 20 0
0 25 6 2 13 14 16 10 9 17 3 11 12 7 32 5 8 21 1 20 27 15 30 31 19 26 24 28 23 22 18 29 4 0
0 23 20 27 21 9 3 14 8 32 31 29 30 15 7 5 22 17 26 25 28 10 24 16 18 6 13 12 1 4 2 11 19 0
0 27 7 19 21 20 31 17 1 10 11 30 8 32 18 6 4 2 22 12 15 29 28 23 25 13 14 24 5 9 26 16 3 0
0 4 32 6 28 2 1 9 20 25 30 17 5 27 18 31 7 3 15 10 16 12 11 26 22 24 21 23 13 29 19 8 14 0
0 28 17 18 29 26 23 12 10 9 32 13 11 4 24 1 14 15 21 8 19 6 3 2 27 31 30 22 7 16 5 25 20 0
0 8 12 14 23 28 1 6 7 25 5 22 11 17 20 2 21 24 30 32 27 10 18 16 26 13 31 9 3 19 15 4 29 0
0 18 20 24 27 15 12 2 13 9 3 8 10 31 28 16 11 17 30 5 29 23 32 4 1 26 22 6 21 19 7 25 14 0
0 12 25 16 2 3 24 15 21 19 5 20 9 4 28 29 30 1 17 32 6 27 8 22 13 10 11 18 14 23 31 7 26 0
0 1 12 9 22 23 10 3 24 25 5 14 11 18 19 21 26 13 28 7 4 30 17 8 2 15 6 29 20 32 31 27 16 0
0 14 10 11 26 29 16 1 2 17 30 21 32 5 19 25 15 20 3 18 9 4 13 24 31 7 22 27 12 23 28 8 6 0
0 30 20 6 21 8 15 5 18 19 27 24 25 9 23 7 4 13 17 11 16 3 14 1 26 31 10 22 2 32 12 29 28 0
0 31 11 30 23 6 1 5 18 7 21 25 9 29 2 24 26 19 12 14 27 4 10 8 17 32 3 13 20 15 16 28 22 0
0 24 8 18 1 29 26 2 10 31 20 32 17 5 15 19 16 3 7 21 4 23 13 14 6 12 22 11 28 30 25 27 9 0
0 29 11 1 25 23 8 19 13 21 26 4 3 15 27 28 9 18 6 14 10 17 30 20 5 22 7 24 16 2 12 32 31 0
0 19 17 26 32 10 29 11 2 20 27 30 3 23 14 16 7 24 21 18 15 12 8 9 6 13 25 28 31 4 22 1 5 0
0 10 18 16 23 15 1 11 26 8 4 24 6 27 22 31 3 12 5 25 14 9 19 13 7 29 2 32 20 28 21 30 17 0
0 4 27 9 23 5 1 10 28 21 8 16 2 13 31 19 24 14 17 6 11 12 22 20 29 3 25 7 30 18 26 32 15 0
0 31 9 26 32 3 27 1 4 15 20 8 10 6 16 25 14 2 11 13 17 21 12 5 30 22 19 7 18 23 24 29 28 0
0 6 29 13 7 17 9 14 8 19 2 20 18 22 32 28 1 11 3 26 12 25 5 10 23 21 4 16 30 15 27 24 31 0
0 20 17 6 2 22 19 21 25 18 15 27 16 14 13 7 9 10 3 28 29 4 32 8 30 12 11 23 5 24 1 26 31 0
0 13 14 3 15 5 17 32 30 27 31 6 12 28 25 19 8 16 20 23 22 26 7 24 1 4 21 2 11 29 10 18 9 0
0 15 27 16 2 5 7 14 13 30 18 29 10 23 17 19 9 8 3 12 24 11 28 20 22 31 4 26 1 25 21 32 6 0
0 21 2 26 13 7 25 3 28 18 23 17 10 4 12 24 22 16 6 14 27 1 31 8 19 5 29 32 11 15 20 30 9 0
0 16 9 6 14 24 18 4 5 22 2 23 1 17 13 32 19 27 3 21 31 7 15 25 11 8 28 29 12 10 26 30 20 0
0 32 18 24 15 26 8 3 22 1 23 27 21 30 14 12 2 31 25 28 11 7 6 4 19 20 10 9 16 17 5 13 29 0
0 29 16 14 19 18 27 22 31 24 7 15 21 4 28 17 32 20 2 5 30 25 12 23 1 9 13 8 6 10 26 3 11 0
0 12 28 7 4 25 31 15 11 17 27 3 5 24 30 22 16 13 14 32 19 1 2 10 6 23 18 21 9 8 26 29 20 0
0 23 32 21 11 17 31 5 22 18 16 26 12 19 27 15 7 20 25 13 1 28 6 10 30 2 29 9 3 8 24 4 14 0
0 18 30 24 1 17 20 26 6 23 28 16 10 2 8 7 5 3 11 32 22 13 27 15 31 4 25 21 29 14 19 9 12 0
0 11 19 21 12 15 28 5 13 23 1 14 8 32 29 24 4 22 25 2 9 31 30 27 16 6 18 26 7 3 10 17 20 0
0 4 21 6 18 24 30 15 2 22 9 13 16 26 27 23 20 12 10 19 3 1 11 14 31 28 8 7 32 25 5 29 17 0
0 11 30 28 25 20 1 10 13 9 18 6 23 27 26 17 4 24 31 22 21 3 15 5 14 32 19 2 8 16 29 12 7 0
0 27 23 32 14 24 7 9 29 5 28 16 15 31 19 17 13 18 12 1 8 2 20 4 30 11 21 6 26 10 25 22 3 0
0 7 32 9 8 16 22 1 19 21 31 29 20 13 28 26 4 10 5 14 3 17 12 18 11 27 25 6 24 2 15 23 30 0
0 21 3 12 22 7 10 16 25 19 26 4 9 15 5 14 30 27 31 8 20 13 2 28 11 23 18 24 1 6 29 32 17 0
0 7 13 11 29 5 8 21 25 15 19 16 31 6 22 4 10 18 2 28 14 3 1 17 26 24 20 27 9 23 12 30 32 0
0 7 25 15 5 30 10 20 4 2 31 8 28 6 1 13 17 27 19 12 32 11 16 21 23 3 14 9 22 29 24 18 26 0
0 10 29 8 23 17 26 22 28 6 2 30 12 15 20 13 19 14 11 1 5 9 16 3 21 25 24 18 31 7 4 32 27 0
0 10 5 4 24 18 27 7 2 29 1 6 26 28 17 13 30 32 21 11 16 25 12 8 20 22 31 19 9 15 3 14 23 0
0 26 2 7 13 19 16 22 8 21 11 9 15 31 29 20 32 18 24 10 25 28 30 4 5 12 3 14 23 17 1 27 6 0
0 30 21 2 29 12 25 8 24 9 22 27 5 3 14 13 20 32 10 18 31 11 1 15 23 4 6 16 19 17 26 7 28 0
0 9 24 30 11 15 13 19 17 6 8 5 2 25 4 29 32 16 23 31 27 14 22 12 1 18 7 20 28 3 10 21 26 0
0 21 17 6 7 22 27 25 13 14 28 5 9 18 8 30 24 1 16 20 12 15 2 32 19 11 26 29 31 4 23 10 3 0
0 18 7 32 20 28 15 29 22 13 10 12 8 14 3 1 30 23 21 19 5 31 17 6 26 11 4 2 16 27 9 24 25 0
0 18 13 8 2 19 28 11 15 26 31 3 6 9 22 16 27 29 23 1 24 14 20 10 21 32 4 17 5 25 30 12 7 0
0 31 14 6 7 17 21 15 1 28 23 19 13 5 10 22 4 8 25 18 12 3 29 11 20 27 30 32 24 16 2 9 26 0
0 22 31 18 23 16 13 17 30 2 14 29 27 1 21 10 7 8 12 19 32 24 6 5 4 20 9 26 15 11 25 28 3 0
0 10 9 15 19 1 30 2 20 24 4 16 11 6 8 5 12 31 21 23 22 29 18 32 28 25 27 13 7 3 14 26 17 0
0 31 10 18 19 26 13 32 17 23 6 21 30 5 25 20 15 1 2 8 9 29 3 24 14 12 4 28 11 16 27 7 22 0
0 5 2 19 23 10 26 14 3 6 9 18 24 8 27 29 13 15 22 20 25 7 31 16 32 17 21 4 28 1 11 12 30 0
0 14 30 27 15 9 32 8 18 6 10 13 16 22 1 21 5 7 23 11 3 2 29 20 12 17 25 31 24 28 19 4 26 0
0 18 12 8 14 32 1 20 2 4 29 17 26 23 10 7 24 13 19 25 16 6 3 21 30 5 28 31 22 9 27 15 11 0
0 1 27 2 7 22 28 4 29 16 9 8 13 30 19 25 20 23 26 12 18 6 10 14 3 32 11 17 21 24 15 5 31 0
0 32 19 17 23 2 14 24 3 10 5 22 8 6 11 30 25 29 26 31 15 27 7 1 28 20 18 12 16 13 4 21 9 0
0 13 12 31 2 1 19 27 21 20 32 18 29 24 30 28 8 17 7 22 11 10 23 4 9 14 16 25 3 26 6 5 15 0
0 27 20 15 13 24 8 25 3 18 17 11 31 16 29 1 9 21 23 4 12 28 30 22 14 7 19 2 5 10 26 32 6 0
0 28 13 3 32 7 22 11 10 29 27 18 19 20 1 25 21 15 24 17 30 12 8 26 5 6 23 2 4 14 16 31 9 0
0 20 21 16 11 30 5 28 17 15 27 7 26 1 23 13 29 24 14 12 10 4 18 9 19 2 22 32 6 31 8 25 3 0
0 2 20 27 16 28 29 17 14 31 30 24 32 9 18 4 23 1 3 5 21 25 10 12 19 6 7 13 15 22 8 26 11 0
0 26 28 31 21 25 29 3 2 14 20 11 30 10 9 24 27 19 8 32 23 16 5 13 17 15 7 6 1 22 18 4 12 0
0 24 30 20 26 32 10 21 13 18 6 14 15 5 11 22 3 29 7 12 27 8 23 28 4 25 9 31 1 17 16 2 19 0
0 32 7 9 21 23 26 14 29 17 1 10 12 2 5 19 6 16 28 31 22 20 30 27 13 4 25 3 18 11 24 8 15 0
0 30 28 4 5 11 10 1 31 2 20 6 27 19 15 3 29 17 13 8 18 12 9 14 16 22 7 24 23 21 32 25 26 0
0 16 14 3 11 13 22 24 26 21 8 31 32 6 7 23 10 28 30 29 27 25 19 5 2 20 15 12 17 4 18 1 9 0
0 29 5 10 8 27 9 3 31 14 4 6 32 18 26 19 16 28 17 24 25 1 12 15 20 13 2 11 30 21 7 22 23 0
0 18 12 26 16 20 3 4 15 22 29 24 8 25 31 11 7 5 21 10 30 19 1 14 13 23 32 17 6 9 2 27 28 0
0 5 22 4 15 29 23 17 9 28 3 6 27 11 31 24 30 20 16 32 25 10 12 2 21 13 7 8 14 26 18 1 19 0
0 9 26 25 17 22 8 5 10 13 11 31 16 7 32 6 27 4 18 12 14 30 20 3 28 15 19 21 24 29 1 23 2 0
0 27 19 26 12 9 2 16 17 18 1 21 31 30 10 8 25 15 29 3 13 5 28 20 22 14 23 24 6 7 4 32 11 0
0 18 21 25 17 31 3 29 28 11 26 20 14 19 9 23 16 6 2 27 24 7 8 5 12 1 32 10 13 15 22 30 4 0
0 25 17 5 31 4 16 18 20 9 22 24 3 12 23 19 15 27 2 28 32 14 6 29 7 8 21 11 26 30 10 1 13 0
0 15 10 25 3 13 9 19 5 4 8 14 1 2 28 12 24 22 16 18 20 26 29 30 27 11 23 21 17 31 6 32 7 0
0 29 9 7 4 12 27 24 32 11 21 10 1 28 3 8 25 31 15 6 2 22 19 5 20 17 13 16 30 23 18 14 26 0
0 18 22 32 12 25 23 19 24 26 20 1 16 13 6 10 15 30 4 7 29 8 28 17 27 31 21 14 2 5 11 9 3 0
0 10 2 7 13 27 14 20 32 15 11 17 26 4 31 28 12 5 19 16 21 29 3 25 1 30 8 24 23 18 22 9 6 0
0 5 2 30 20 24 23 13 3 7 6 15 29 31 18 22 19 11 26 16 4 25 12 27 28 10 8 32 21 17 14 9 1 0
0 15 5 11 25 1 28 26 19 16 24 2 9 22 8 29 3 6 13 10 23 18 30 20 14 4 17 31 12 27 7 32 21 0
0 16 18 27 8 6 11 15 2 32 25 4 30 17 3 7 10 12 9 14 1 20 5 29 24 22 19 26 28 13 23 31 21 0
0 16 31 5 11 8 2 32 6 22 27 20 1 4 7 25 14 17 29 9 28 23 21 26 13 12 19 18 15 10 3 30 24 0
0 23 9 22 18 31 5 1 14 27 30 19 12 4 25 11 16 28 3 15 2 7 21 10 24 29 17 26 13 20 6 32 8 0
0 25 21 17 19 23 5 14 15 12 1 8 9 4 27 13 3 22 18 7 31 28 32 10 11 29 2 20 24 6 26 16 30 0
0 6 21 19 15 12 22 7 32 3 28 26 27 13 4 31 25 11 16 2 29 23 8 30 10 14 20 9 1 24 18 5 17 0
0 19 3 17 23 6 9 21 13 29 10 22 25 20 31 12 14 32 7 26 16 8 5 4 1 27 15 2 18 30 11 24 28 0
0 20 30 5 18 22 16 9 21 15 3 8 7 31 10 6 13 29 32 23 25 14 12 17 28 1 26 19 24 2 11 4 27 0
0 7 22 15 9 25 14 3 1 26 21 11 20 8 28 13 30 12 16 6 23 32 17 29 2 31 27 4 19 24 5 18 10 0
0 26 10 24 11 6 4 17 31 15 12 19 18 22 28 13 8 14 25 2 32 21 5 9 1 29 16 3 23 27 7 20 30 0
0 32 13 28 10 26 8 11 2 15 18 25 3 5 12 1 14 17 16 9 30 7 6 20 31 4 23 24 21 27 29 19 22 0
0 4 2 11 10 24 30 9 15 6 32 26 21 14 29 27 8 20 17 19 22 12 31 28 1 3 7 23 13 16 5 25 18 0
0 5 14 21 3 32 29 23 15 25 24 6 27 12 30 8 22 11 10 18 16 1 4 31 28 19 2 9 26 13 17 20 7 0
0 15 32 13 2 30 20 25 24 29 21 8 4 26 17 23 18 22 19 16 1 3 27 14 10 6 31 28 12 5 11 9 7 0
0 2 6 4 24 13 21 3 17 29 16 19 1 23 8 26 5 32 20 28 25 10 18 30 27 9 14 7 11 22 15 12 31 0
0 24 8 20 17 13 3 27 12 7 4 23 21 1 5 29 28 22 19 32 18 31 25 30 10 15 2 16 26 6 9 14 11 0
0 12 18 30 4 32 21 23 2 15 9 14 6 16 8 20 11 19 31 7 29 10 27 25 3 1 24 26 28 13 22 17 5 0
0 16 10 12 7 28 19 25 1 26 11 2 32 30 21 4 5 22 13 27 29 6 8 24 9 20 31 14 17 3 15 23 18 0
0 32 3 20 13 25 21 10 5 7 30 8 2 14 17 1 29 24 31 28 9 15 4 27 12 22 23 26 6 11 16 19 18 0
0 23 18 30 19 3 8 24 31 4 11 21 9 29 10 25 28 17 7 13 1 22 14 20 32 15 6 27 16 12 2 5 26 0
0 27 17 6 11 5 18 10 29 30 16 9 19 26 2 21 23 12 24 20 3 14 31 8 32 28 13 1 7 22 25 4 15 0
0 18 30 14 24 29 3 15 5 10 25 32 4 12 31 13 1 21 20 26 17 7 6 2 11 19 27 8 16 9 23 28 22 0
0 16 14 23 10 11 32 12 21 30 3 18 17 8 1 2 24 31 19 15 22 6 5 28 27 13 20 9 7 26 4 25 29 0
0 12 28 2 4 15 20 3 10 17 19 11 14 7 1 30 24 22 27 31 8 18 26 32 13 16 21 5 29 25 6 23 9 0
0 18 9 23 13 30 1 15 12 22 11 6 16 8 24 28 10 3 21 2 20 7 25 19 29 4 31 32 17 26 14 27 5 0
0 14 5 19 21 10 13 26 27 11 8 31 25 23 29 18 22 7 30 28 32 9 16 4 15 17 12 24 2 6 3 20 1 0
0 24 28 19 6 8 9 11 2 22 20 21 31 29 30 13 12 17 14 26 27 32 16 25 7 3 1 18 10 5 23 4 15 0
0 4 21 28 22 31 11 13 12 24 7 30 23 20 32 9 25 26 14 17 1 15 19 6 29 16 27 3 5 10 18 2 8 0
0 19 26 16 22 32 12 13 24 27 11 29 28 6 23 21 17 10 4 7 8 15 30 5 2 3 25 14 18 9 31 1 20 0
0 4 16 3 25 30 12 9 11 24 13 19 2 26 17 5 6 31 10 8 20 27 15 28 14 22 1 23 18 29 7 32 21 0
0 3 8 32 17 5 16 25 23 30 24 31 21 20 13 14 11 29 1 7 2 9 12 26 28 27 15 10 18 6 22 4 19 0
0 31 16 1 29 3 19 10 6 32 25 21 23 24 20 30 7 22 17 27 8 18 12 28 11 9 14 15 5 13 4 2 26 0
0 1 26 11 7 32 13 22 23 6 31 3 18 19 25 21 24 28 29 5 17 27 16 4 30 15 2 9 8 20 10 14 12 0
0 27 29 24 16 18 26 10 21 5 32 4 2 12 20 19 1 6 30 3 23 25 28 14 15 7 8 13 17 31 22 11 9 0
0 20 29 8 5 4 9 21 12 23 13 18 17 2 1 3 11 28 22 32 24 14 7 25 30 19 27 31 26 15 16 10 6 0
0 24 15 19 8 32 7 17 18 10 12 1 29 2 22 21 5 4 30 23 20 9 3 13 26 11 14 6 27 31 25 16 28 0
0 16 28 26 29 3 8 10 20 4 19 6 32 14 22 27 1 9 30 5 13 11 7 31 24 2 25 23 21 12 15 17 18 0
0 25 15 26 22 13 8 23 17 29 32 7 21 27 9 16 30 10 6 5 12 1 24 19 28 31 14 3 4 20 18 11 2 0
0 3 12 7 22 27 2 29 11 6 4 31 21 13 30 17 5 9 16 19 32 23 25 15 1 20 14 28 26 10 24 8 18 0
0 23 19 2 12 24 15 4 21 30 28 17 11 26 8 29 25 20 27 5 18 13 7 3 14 9 32 31 6 1 16 10 22 0
0 23 9 13 17 24 11 30 19 12 15 20 3 10 27 8 7 22 5 25 16 6 32 18 21 28 26 31 29 4 1 14 2 0
0 17 29 20 4 30 23 32 26 18 15 21 14 19 5 25 16 3 13 31 7 6 10 12 9 2 24 1 28 22 11 8 27 0
0 24 32 20 4 30 19 26 21 16 25 23 29 8 11 2 5 10 6 12 3 1 13 18 15 9 27 22 7 17 28 31 14 0
0 18 11 22 8 14 9 17 5 20 29 16 19 7 26 1 12 15 21 27 32 24 3 13 4 31 10 25 30 23 6 28 2 0
0 29 6 12 26 3 17 28 13 21 5 24 18 9 16 27 1 19 32 8 22 11 14 10 15 30 7 25 20 31 4 2 23 0
0 6 9 24 30 7 2 13 16 12 8 26 5 25 22 18 31 28 20 3 14 10 32 23 29 19 15 17 21 11 27 1 4 0
0 21 24 30 3 28 32 11 4 29 8 18 27 25 10 5 15 7 1 13 12 22 14 20 31 19 26 2 17 9 6 23 16 0
0 4 7 8 14 16 30 10 5 9 19 6 28 1 29 25 32 20 15 24 26 22 2 13 18 21 27 3 12 31 11 23 17 0
0 15 6 18 31 13 7 24 12 28 10 22 5 11 21 14 4 29 16 17 19 20 1 2 9 30 8 25 32 27 3 23 26 0
0 3 32 16 20 7 1 10 15 11 17 27 29 19 26 25 5 6 8 31 28 4 2 18 30 13 9 14 22 12 24 23 21 0
0 14 3 10 5 30 9 24 28 11 22 6 1 29 16 26 27 19 25 7 4 20 13 8 12 2 31 17 18 23 32 21 15 0
0 23 24 5 15 32 2 1 16 4 9 13 12 7 17 8 14 28 10 11 18 3 19 29 22 20 6 26 31 21 27 30 25 0
0 22 13 24 21 2 15 18 6 26 12 25 11 14 1 9 30 17 32 29 4 8 16 20 5 10 3 31 27 7 23 28 19 0
0 26 19 16 1 14 27 23 11 24 17 3 6 32 15 30 5 2 31 20 9 13 10 28 22 18 7 8 12 4 29 21 25 0
0 11 28 23 31 9 18 24 25 26 20 2 1 17 22 3 7 16 14 21 4 32 19 6 13 29 27 10 12 5 8 30 15 0
0 9 11 32 2 24 30 18 6 15 3 8 20 21 17 28 23 26 7 22 10 25 27 4 19 13 31 1 12 5 16 14 29 0
0 21 31 25 20 19 9 26 5 17 18 14 24 22 8 1 13 12 16 2 28 4 3 15 29 27 32 30 23 7 10 6 11 0
0 2 12 28 27 10 16 19 31 25 13 30 18 3 5 23 9 14 4 26 8 6 15 29 17 11 22 1 21 20 32 7 24 0
0 21 25 4 11 18 3 15 17 7 12 23 1 6 5 26 10 16 2 20 24 28 13 29 31 30 9 22 19 32 27 8 14 0
0 24 28 13 3 11 9 32 26 17 19 16 29 30 8 25 5 27 4 12 2 15 10 18 6 7 1 14 22 31 23 21 20 0
0 31 5 9 8 7 13 17 10 15 28 30 14 23 26 32 1 21 11 24 25 4 6 20 3 29 12 16 2 19 22 27 18 0
0 18 24 17 21 2 32 9 12 1 27 25 4 8 29 6 28 26 16 11 22 3 14 10 31 7 19 30 23 5 13 15 20 0
0 21 1 29 9 13 26 25 2 6 31 28 12 15 14 22 18 19 10 17 30 4 3 7 27 20 16 5 23 11 32 8 24 0
0 22 25 18 13 1 19 30 21 20 3 9 31 10 24 14 27 17 23 15 28 7 4 29 16 11 8 2 32 5 12 6 26 0
0 18 26 27 5 8 24 22 32 6 21 7 31 23 2 10 13 11 14 15 19 16 28 3 17 1 12 29 30 20 9 4 25 0
0 7 13 31 9 22 17 20 15 18 14 4 6 28 10 27 1 21 19 32 12 8 25 3 26 30 29 5 24 23 11 16 2 0
0 6 10 12 2 18 31 16 30 15 26 28 7 20 8 3 25 32 4 9 14 19 11 22 13 1 24 17 23 29 5 27 21 0
0 7 15 27 6 11 18 13 16 1 23 24 17 10 29 22 32 20 21 4 31 14 19 26 28 25 8 12 5 3 2 30 9 0
0 1 19 16 24 26 32 13 29 12 27 21 23 28 8 6 14 18 4 7 3 17 31 25 5 20 30 15 10 9 11 22 2 0
0 10 1 20 27 5 17 19 6 12 15 32 9 25 13 26 7 18 22 24 14 8 2 23 21 3 4 11 28 16 29 31 30 0
0 20 18 1 7 19 32 28 21 6 12 3 5 30 17 15 23 13 8 11 10 31 22 29 4 16 27 9 24 25 14 26 2 0
0 20 5 12 17 23 2 7 26 13 11 1 6 14 22 32 18 25 27 28 16 15 30 3 24 4 19 29 9 31 8 21 10 0
0 10 2 20 22 23 17 27 26 4 32 13 12 28 15 21 18 14 3 1 7 8 5 9 16 30 11 6 29 24 31 25 19 0
0 6 14 11 19 7 12 13 20 30 16 28 9 17 10 32 15 8 26 4 22 3 29 25 27 2 18 5 21 31 1 24 23 0
0 9 20 1 25 12 2 16 8 19 24 31 27 15 21 29 32 26 14 22 23 3 6 28 7 4 18 10 17 13 11 5 30 0
0 21 4 23 18 17 22 29 1 32 27 16 14 24 8 3 6 13 30 28 12 7 9 5 20 10 15 11 26 25 31 19 2 0
0 1 21 22 16 17 23 29 8 11 28 2 4 26 27 32 19 7 3 6 20 5 24 30 9 18 31 10 13 14 12 25 15 0
0 19 29 20 24 8 3 21 23 5 30 27 13 26 7 15 12 18 9 32 31 17 14 1 28 16 11 10 2 22 4 6 25 0
0 17 27 11 16 31 30 8 10 29 13 14 2 15 23 32 28 22 3 5 4 24 25 20 6 21 7 19 18 9 1 26 12 0
0 18 15 5 31 7 22 27 8 13 1 2 26 10 16 3 23 21 4 25 19 20 28 17 9 12 14 30 11 29 32 24 6 0
0 18 32 28 29 16 25 5 1 15 2 26 31 23 4 22 20 9 6 12 11 17 3 8 10 14 13 30 7 21 27 24 19 0
0 7 21 16 9 30 12 31 27 2 6 18 29 1 19 15 4 22 25 26 24 5 20 10 13 11 14 8 17 23 28 3 32 0
0 19 23 10 3 2 20 24 8 22 31 25 11 30 32 7 26 16 1 12 6 21 28 5 18 29 13 15 17 14 4 9 27 0
0 12 22 26 25 9 15 11 20 28 18 14 7 5 27 16 19 24 29 10 6 23 4 17 32 1 8 31 3 21 30 13 2 0
0 22 6 19 5 24 1 3 4 28 25 32 12 27 30 9 29 31 17 8 21 2 10 14 26 18 7 20 13 23 15 16 11 0
0 28 25 12 17 6 15 27 5 24 20 26 23 19 30 18 8 16 21 31 10 2 9 7 14 29 32 3 4 11 1 13 22 0
0 13 17 24 9 4 2 16 28 1 18 22 11 26 8 27 19 7 14 23 29 15 31 30 3 12 5 32 21 25 6 20 10 0
0 22 24 18 11 17 4 14 3 25 30 6 1 2 31 8 5 26 16 29 27 23 10 32 15 12 21 19 13 9 20 28 7 0
0 31 27 20 23 14 16 30 26 3 7 22 12 21 18 15 29 5 8 17 32 13 28 25 19 24 4 2 1 9 11 10 6 0
0 23 21 24 31 9 2 10 11 26 25 19 17 13 12 4 3 32 20 16 30 8 5 6 15 18 1 22 27 28 7 14 29 0
0 21 11 8 26 14 19 16 2 1 32 18 15 9 10 30 4 13 22 6 20 31 27 25 24 12 17 7 5 29 3 28 23 0
0 14 5 15 21 25 2 27 31 18 19 12 30 20 13 6 3 17 29 23 32 22 1 7 28 10 8 24 4 11 16 9 26 0
0 13 9 18 8 31 14 29 26 23 28 12 21 32 20 22 16 30 3 19 7 5 15 27 24 6 2 11 1 10 4 25 17 0
0 3 15 25 11 2 4 17 18 21 24 7 12 9 10 5 30 19 29 14 8 20 28 23 31 22 27 26 16 6 13 32 1 0
0 13 16 5 11 1 15 2 18 24 9 14 10 30 32 28 20 22 4 17 25 26 8 29 23 3 6 21 12 19 27 31 7 0
0 3 17 15 5 6 10 18 12 2 7 24 20 29 11 8 26 25 30 32 4 22 9 23 16 27 28 14 13 19 1 31 21 0
0 2 14 19 13 31 32 9 6 7 4 1 22 17 15 16 29 10 3 18 5 26 24 8 21 20 30 28 25 12 27 23 11 0
0 4 24 29 1 30 3 2 17 15 9 7 19 13 11 26 5 6 22 32 14 27 8 21 25 20 16 10 28 18 12 23 31 0
0 3 22 27 13 6 31 29 19 8 23 1 10 15 24 20 16 26 18 28 32 30 25 4 2 11 21 7 14 12 9 5 17 0
0 31 28 4 8 29 10 6 13 18 9 3 2 22 7 21 5 23 25 26 17 15 11 20 32 14 30 19 1 24 27 16 12 0
0 23 1 29 4 26 5 14 19 8 21 7 27 15 12 25 20 30 17 11 22 16 10 24 6 3 13 18 28 2 9 31 32 0
0 8 16 6 23 32 2 7 25 15 4 24 1 28 9 22 5 19 10 12 21 27 14 3 11 26 30 17 13 31 29 18 20 0
0 17 9 11 31 25 3 19 27 28 23 18 6 13 12 8 24 7 1 2 10 16 32 15 5 26 29 30 20 14 4 21 22 0
0 27 5 18 32 17 8 23 26 7 6 15 29 31 2 24 3 13 19 21 16 10 20 14 4 1 11 28 12 30 22 9 25 0
0 30 8 19 20 13 15 9 25 11 10 23 17 16 28 6 29 27 26 1 7 2 31 14 32 5 24 21 12 18 4 22 3 0
0 2 18 1 11 29 14 21 24 7 22 6 10 32 28 16 27 26 8 31 17 15 12 25 3 4 20 19 23 13 30 5 9 0
0 15 28 32 24 7 1 16 3 12 30 13 22 8 17 6 10 19 11 27 9 25 23 29 5 2 21 31 4 14 18 26 20 0
0 31 11 1 3 23 7 5 19 30 18 8 4 21 13 24 28 22 12 26 17 29 14 32 27 15 25 9 6 10 16 2 20 0
0 5 18 14 13 1 23 11 20 17 3 19 6 12 24 32 9 8 28 22 30 31 4 25 27 26 15 7 2 29 10 16 21 0
0 3 22 11 32 31 24 27 13 29 19 6 2 28 16 8 17 4 25 20 18 14 30 26 10 9 7 12 1 15 21 5 23 0
0 16 6 4 20 8 11 22 30 24 26 23 18 7 27 25 28 12 2 29 13 1 32 10 14 31 15 9 17 5 19 3 21 0
0 29 20 8 5 30 9 2 26 18 14 13 7 1 15 12 27 23 10 3 28 31 19 32 24 22 16 4 21 17 6 25 11 0
0 18 6 31 4 7 5 16 30 9 25 13 12 28 20 15 27 24 2 19 32 1 11 23 3 29 22 26 17 21 10 14 8 0
0 5 22 19 24 31 30 11 32 10 15 13 26 25 6 16 9 28 7 17 14 23 4 20 3 29 18 2 1 21 12 8 27 0
0 10 21 22 7 26 30 20 25 16 12 18 27 2 19 13 1 23 5 31 17 8 14 24 11 15 29 32 3 6 4 9 28 0
0 17 24 19 31 16 30 13 11 20 7 9 27 1 6 3 5 21 2 32 12 22 10 14 29 25 4 26 28 18 8 23 15 0
0 31 27 20 13 23 16 18 19 3 9 8 29 32 17 1 7 21 5 24 30 15 6 10 28 26 25 11 14 4 12 2 22 0
0 11 20 23 8 25 26 21 17 7 30 18 15 9 28 10 5 13 12 6 29 31 32 3 27 24 14 22 16 4 2 19 1 0
0 9 12 10 11 1 2 14 24 22 26 7 4 27 18 3 23 13 15 8 6 17 16 32 21 20 5 25 28 29 31 30 19 0
0 28 26 22 32 2 8 10 9 14 31 30 6 13 7 16 18 1 11 29 23 4 24 5 17 25 27 20 19 3 15 21 12 0
0 5 19 28 11 23 9 20 15 27 10 26 14 8 22 2 13 16 31 32 25 24 18 1 6 4 29 3 21 30 12 7 17 0
0 16 11 13 22 6 7 14 28 10 24 19 17 23 8 31 30 18 3 5 4 25 2 15 26 12 9 29 21 27 1 20 32 0
0 13 18 15 21 2 17 3 23 30 24 7 9 19 29 6 4 31 25 16 10 22 8 5 11 1 12 27 26 20 28 32 14 0
0 13 29 17 10 1 19 22 7 32 11 30 15 25 16 23 2 6 8 18 28 21 31 5 20 26 14 3 27 12 24 9 4 0
0 10 28 14 12 13 11 22 3 1 5 30 24 2 32 7 16 15 4 6 18 8 19 29 27 17 31 23 21 20 9 25 26 0
0 24 29 12 32 27 11 30 28 15 7 16 5 10 8 18 25 4 1 21 23 9 3 14 13 2 22 26 19 31 6 17 20 0
0 22 15 19 13 21 7 2 25 4 28 11 23 30 3 32 27 29 14 18 24 10 17 5 12 20 9 1 6 16 31 26 8 0
0 28 17 11 21 14 5 20 2 4 1 31 16 3 6 22 18 7 32 25 10 27 8 24 30 13 15 23 9 26 29 12 19 0
0 5 21 18 29 22 16 2 8 10 15 11 20 12 1 30 6 27 32 3 14 28 17 4 26 31 13 23 19 24 9 25 7 0
0 23 11 18 4 19 22 6 21 12 7 28 31 26 32 14 5 25 20 1 9 24 16 13 8 27 29 15 30 17 10 3 2 0
0 31 14 26 3 6 25 4 15 7 5 21 30 18 17 10 9 27 22 29 1 8 2 32 11 23 16 28 19 20 13 24 12 0
0 2 23 29 20 1 16 11 17 6 26 8 12 24 32 4 3 31 28 30 19 14 27 13 25 21 22 10 18 9 5 7 15 0
0 23 5 12 25 31 30 28 21 17 11 9 19 18 22 15 16 27 32 20 6 29 26 3 8 7 24 14 2 1 10 4 13 0
0 4 2 5 3 21 27 13 8 32 20 18 7 9 23 11 30 17 25 16 15 29 6 14 26 22 19 1 28 24 31 12 10 0
0 3 20 27 13 11 14 24 31 19 1 23 30 5 7 4 26 9 29 22 18 10 32 21 2 16 15 17 6 12 25 28 8 0
0 18 12 7 11 24 22 30 21 23 19 1 29 31 4 26 8 5 13 27 9 20 17 3 10 32 16 2 15 28 25 6 14 0
0 6 30 18 17 20 3 31 19 23 15 16 27 2 11 12 5 24 10 8 25 9 21 7 1 13 32 4 28 22 29 26 14 0
0 6 19 1 23 10 11 3 14 17 12 21 2 31 22 24 28 5 18 16 29 20 7 26 27 30 13 4 8 32 9 25 15 0
0 1 26 13 31 20 2 32 15 18 22 9 12 29 5 24 7 17 25 3 23 30 14 19 16 21 27 28 11 4 8 6 10 0
0 28 10 30 3 6 12 20 24 31 9 13 4 26 21 19 18 2 7 32 1 29 5 14 25 11 16 23 27 8 17 22 15 0
0 10 9 17 28 31 3 18 25 21 16 5 24 19 27 11 8 20 13 29 2 6 15 12 30 32 23 1 26 22 4 7 14 0
0 12 17 31 13 20 26 19 21 29 28 1 27 25 24 23 32 16 2 8 4 11 3 9 14 10 5 15 7 18 6 22 30 0
0 4 22 20 19 13 14 30 21 24 3 27 25 16 2 1 18 29 31 6 10 17 32 5 8 28 15 26 12 11 9 7 23 0
0 10 23 31 24 19 25 8 5 2 1 32 9 17 14 3 12 22 20 30 7 18 11 6 29 26 15 4 27 21 28 16 13 0
0 21 26 17 16 18 4 23 5 8 19 31 24 3 20 15 12 22 11 13 10 14 27 1 2 30 28 32 29 7 9 25 6 0
0 27 18 20 22 14 6 24 3 15 16 23 31 30 5 21 17 10 11 26 32 12 29 2 25 9 28 4 8 1 19 7 13 0
0 11 18 30 19 26 7 14 31 32 10 6 29 25 1 2 27 4 23 16 12 21 17 13 15 22 24 5 8 9 20 3 28 0
0 10 18 7 11 4 31 32 13 9 14 5 8 3 2 6 30 26 15 25 19 29 27 1 22 16 24 20 21 17 28 12 23 0
0 2 27 26 7 8 22 30 18 24 9 12 31 23 21 1 4 14 13 15 20 5 3 16 32 19 17 28 29 11 6 25 10 0
0 12 11 16 7 31 21 30 5 2 20 22 9 15 4 3 23 29 18 26 1 8 6 10 17 14 24 28 32 19 25 27 13 0
0 13 22 29 12 19 30 4 9 7 16 21 25 3 23 2 17 26 14 10 27 32 28 8 18 20 1 31 6 24 5 15 11 0
0 12 16 24 9 22 32 11 30 21 10 31 29 27 6 20 28 4 23 18 13 17 8 19 26 14 7 3 25 2 15 1 5 0
0 31 15 29 24 9 1 14 13 25 11 22 18 10 5 6 27 8 3 7 23 32 12 30 16 2 17 28 20 4 21 26 19 0
0 4 28 11 23 15 2 1 17 22 30 24 20 21 3 26 9 27 19 18 12 31 5 8 7 25 10 29 16 14 32 13 6 0
0 1 16 20 2 4 19 25 23 17 14 11 15 8 12 10 18 29 6 24 3 13 28 31 9 32 21 30 7 27 5 22 26 0
0 30 14 6 31 8 13 3 28 22 21 10 29 7 9 12 16 1 2 4 32 27 24 11 19 23 20 5 17 18 25 15 26 0
0 14 10 8 29 2 13 31 16 4 24 27 26 11 15 12 20 17 5 18 6 25 21 23 7 3 32 22 30 9 1 28 19 0
0 23 32 28 5 30 14 10 21 4 27 20 15 8 11 24 25 9 3 26 1 31 22 16 12 17 2 19 29 18 7 6 13 0
0 30 29 7 14 31 22 19 32 9 21 27 12 26 28 20 8 17 1 13 23 18 15 24 11 2 10 3 6 25 16 5 4 0
0 3 28 30 23 5 16 19 17 20 15 7 26 2 10 31 29 8 12 21 32 22 13 11 6 27 18 14 1 9 4 25 24 0
0 26 10 13 4 3 5 22 15 28 12 24 7 25 16 20 6 32 9 8 31 1 17 21 11 19 14 18 2 29 27 30 23 0
0 24 16 25 32 20 2 19 17 26 8 28 10 3 5 6 27 23 1 14 22 12 7 18 13 4 21 29 11 30 15 9 31 0
0 30 8 12 6 31 3 14 11 15 23 25 13 10 21 24 22 19 29 5 1 17 7 4 16 9 26 32 27 18 20 28 2 0
0 12 32 10 2 13 27 29 19 17 5 28 9 31 6 14 23 24 26 4 20 30 7 3 18 16 21 15 1 25 8 22 11 0
0 28 23 32 31 4 11 15 12 20 3 8 24 26 5 27 9 16 6 29 19 13 10 7 2 25 14 18 1 22 17 30 21 0
0 30 25 12 15 24 14 27 10 19 6 28 32 3 13 23 11 8 7 5 9 1 4 22 29 20 26 21 2 31 18 16 17 0
0 31 25 19 3 22 8 20 2 5 21 23 30 15 26 10 27 1 24 16 7 18 13 4 17 6 28 9 12 29 14 32 11 0
0 29 22 17 15 7 10 2 9 3 30 25 14 6 4 23 27 13 5 8 12 11 20 28 1 32 26 18 21 31 19 24 16 0
0 4 29 9 15 2 27 5 17 7 11 32 31 19 20 30 23 3 25 26 22 1 8 10 12 16 18 6 14 24 21 28 13 0
0 21 24 30 28 17 31 29 8 2 3 15 6 16 9 11 1 12 32 23 19 7 18 22 13 5 25 27 10 4 20 14 26 0
0 11 22 9 17 19 18 13 32 15 5 30 31 6 21 20 27 29 4 14 3 2 10 1 8 26 16 23 7 28 12 25 24 0
0 5 24 4 15 27 1 29 16 2 23 3 22 7 31 18 30 14 10 8 25 21 19 11 13 20 9 32 26 17 6 28 12 0
0 3 7 8 21 13 30 5 14 32 20 19 24 17 29 16 12 11 15 28 6 10 2 18 23 1 22 4 26 9 31 27 25 0
0 31 20 16 32 2 19 14 15 22 11 7 5 4 27 12 9 1 6 30 25 24 28 29 17 23 10 3 26 8 13 21 18 0
0 9 17 29 26 8 27 21 12 1 4 24 19 13 28 2 15 5 22 20 14 3 11 31 32 10 16 6 18 23 25 7 30 0
0 12 10 18 16 7 28 6 24 1 19 17 13 4 20 9 32 22 3 29 30 23 14 31 21 15 2 11 25 5 27 8 26 0
0 25 27 11 4 17 7 1 3 23 31 8 6 26 14 24 28 16 19 21 2 20 9 15 29 22 32 10 30 5 12 13 18 0
0 7 28 21 16 29 18 22 9 5 24 17 32 23 19 8 10 30 12 11 1 14 27 20 3 6 4 2 25 31 13 26 15 0
0 12 25 18 11 31 15 1 6 14 23 20 16 24 2 27 29 5 8 22 4 13 3 30 10 21 17 9 32 28 19 26 7 0
0 15 18 10 2 26 24 7 22 30 14 13 27 8 5 20 12 3 4 16 6 1 25 11 28 23 31 21 17 32 29 9 19 0
0 26 16 24 9 23 28 29 32 5 27 1 13 6 25 15 18 2 19 7 20 8 30 17 11 12 3 10 21 4 22 14 31 0
0 13 12 30 21 26 24 22 4 29 25 5 2 28 20 9 31 1 6 18 27 17 3 32 10 23 16 8 19 7 14 15 11 0
0 21 19 20 24 30 25 9 31 4 22 23 27 15 29 3 12 28 5 17 26 14 2 32 11 8 18 16 6 1 13 7 10 0
0 3 17 16 31 22 21 6 25 29 15 28 4 5 7 12 1 23 30 9 18 26 24 8 10 27 32 14 11 13 20 2 19 0
0 32 10 13 4 9 12 1 27 5 15 19 17 25 11 3 31 30 23 18 6 16 28 26 2 8 21 24 29 14 7 22 20 0
0 7 26 9 23 18 3 1 29 8 14 6 20 5 24 10 15 25 22 11 31 30 32 21 17 27 12 19 16 2 13 4 28 0
0 6 22 4 20 10 5 21 28 13 15 32 14 19 17 25 24 9 27 18 23 16 3 26 1 31 29 11 8 30 2 12 7 0
0 16 21 11 13 4 8 10 7 14 6 32 22 12 17 1 23 30 18 26 24 28 25 5 9 31 20 29 19 2 3 15 27 0
0 18 24 26 19 3 23 7 30 20 12 25 4 2 27 5 29 28 14 16 11 1 10 22 32 9 31 8 21 17 13 6 15 0
0 18 2 9 17 5 23 22 26 7 25 29 16 32 3 14 30 19 12 11 21 27 6 20 15 13 1 31 28 8 24 10 4 0
0 18 13 30 17 15 16 2 12 22 14 8 27 20 31 19 10 4 26 11 7 9 3 21 32 24 25 5 29 28 23 1 6 0
0 16 10 12 5 8 29 7 2 18 14 23 20 30 3 9 22 6 25 15 24 28 32 21 19 17 27 31 13 26 4 1 11 0
0 5 8 17 20 22 19 31 12 21 16 3 24 13 29 27 7 10 32 26 2 28 30 1 23 15 25 11 14 18 6 9 4 0
0 13 27 5 19 10 17 31 32 14 28 30 2 25 26 1 7 15 16 23 4 8 12 3 29 21 11 20 24 9 22 6 18 0
0 8 9 22 12 30 15 13 32 5 19 10 26 21 27 6 17 18 25 31 20 1 23 28 16 4 14 29 3 7 11 2 24 0
0 26 31 13 8 2 1 20 3 27 17 14 32 30 23 7 24 19 5 21 4 28 29 10 6 9 22 15 16 11 25 18 12 0
0 27 7 26 29 23 12 19 24 3 25 8 5 28 32 6 22 9 21 13 16 18 15 17 11 4 31 2 14 30 20 10 1 0
0 16 3 14 26 7 18 11 20 24 29 2 13 12 9 4 1 31 25 5 32 6 17 21 28 10 22 15 30 27 19 23 8 0
0 26 19 2 31 12 29 18 24 7 13 17 16 3 6 8 27 9 5 28 14 21 4 1 15 23 30 32 10 20 11 22 25 0
0 26 22 30 9 31 12 15 6 18 1 25 27 28 2 4 8 16 13 5 21 14 29 17 10 23 3 19 11 24 32 7 20 0
0 1 21 27 26 16 2 7 30 4 17 28 10 11 12 15 24 25 18 9 5 20 31 13 23 6 19 14 32 3 29 22 8 0
0 2 22 28 6 13 9 11 17 19 27 23 4 32 21 12 8 5 14 18 7 29 24 25 10 20 31 3 16 1 15 30 26 0
0 15 13 27 31 12 17 5 11 23 32 18 26 21 28 2 6 10 7 9 4 3 19 24 14 25 16 8 29 22 1 20 30 0
0 18 12 15 8 29 22 19 16 6 23 11 25 32 27 14 4 28 2 31 21 1 7 3 9 10 24 30 5 17 20 26 13 0
0 8 26 30 15 29 11 3 17 20 5 25 6 24 13 23 32 9 12 27 10 1 21 14 31 2 7 4 28 19 22 16 18 0
0 8 31 14 23 9 24 11 13 22 15 16 32 29 18 10 12 17 1 25 27 5 6 26 2 19 28 20 3 21 30 7 4 0
0 20 16 13 7 29 24 5 8 25 11 32 1 15 18 22 28 21 30 26 6 3 2 10 14 23 19 31 9 12 17 27 4 0
0 31 13 15 18 24 28 23 2 10 11 3 9 12 1 6 16 17 19 29 27 26 4 20 21 32 8 7 22 30 25 5 14 0
0 29 31 13 4 30 14 1 9 15 21 5 26 28 23 18 32 6 16 2 25 10 19 24 12 7 11 17 20 22 27 8 3 0
0 6 22 31 29 9 20 17 24 7 13 3 30 19 25 15 5 11 23 27 4 18 26 12 21 2 8 16 28 1 32 10 14 0
0 24 27 30 31 7 12 28 22 17 32 4 8 14 25 26 11 18 21 9 10 2 20 19 29 6 5 23 15 3 1 16 13 0
0 30 32 2 12 16 14 8 17 21 26 31 20 29 1 27 11 23 3 6 5 19 28 10 18 13 9 24 22 4 7 25 15 0
0 16 15 9 8 11 19 6 22 14 26 18 23 17 21 1 4 13 25 32 3 28 12 7 2 24 31 27 5 10 20 29 30 0
0 16 10 5 18 3 15 2 14 9 27 29 32 23 25 20 1 13 31 17 8 24 6 4 19 30 22 21 7 26 12 28 11 0
0 19 23 9 29 14 8 21 28 24 1 25 27 31 6 26 12 18 32 3 5 20 13 2 7 22 10 30 17 11 4 15 16 0
0 30 27 22 28 25 4 6 11 32 9 15 21 23 18 26 5 7 24 29 31 20 1 19 14 13 2 12 17 10 8 16 3 0
0 3 16 24 4 8 12 5 6 29 11 20 9 17 31 15 27 18 21 1 30 14 25 28 26 7 2 10 22 13 32 23 19 0
0 7 14 16 23 29 13 22 25 32 1 20 6 4 12 9 3 24 2 28 30 17 15 21 18 5 19 11 31 26 8 10 27 0
0 4 5 32 3 16 2 6 29 11 31 24 10 28 15 20 30 14 8 12 18 27 22 19 23 13 1 26 9 7 17 25 21 0
0 23 26 1 3 9 2 12 14 25 7 17 8 16 5 30 29 20 32 27 6 24 10 22 21 31 19 11 13 4 28 18 15 0
0 4 23 20 26 21 13 25 14 32 18 2 6 15 27 8 11 30 29 16 17 24 28 9 3 19 31 22 12 10 5 1 7 0
0 17 6 20 25 27 9 28 14 19 32 21 4 15 10 22 13 1 30 23 26 31 8 5 12 2 18 11 29 3 24 16 7 0
0 31 20 22 26 32 8 29 17 18 10 11 9 12 19 5 24 3 16 27 13 23 1 25 28 6 4 7 2 15 14 21 30 0
0 22 2 17 31 8 20 9 26 6 32 13 24 15 7 3 4 29 5 30 16 23 10 11 18 12 1 19 27 21 28 14 25 0
0 16 13 32 22 3 7 14 11 29 23 12 30 27 18 24 25 6 15 28 19 9 31 26 21 20 2 1 5 10 8 4 17 0
0 10 6 15 12 14 25 28 8 22 1 7 19 3 32 21 2 9 16 13 26 24 30 31 5 11 27 17 4 18 23 29 20 0
0 8 17 22 10 19 5 28 31 2 32 14 23 4 6 29 1 3 30 20 26 18 7 25 11 12 24 9 13 27 16 15 21 0
0 21 19 20 15 2 9 4 8 26 13 23 25 32 29 18 7 16 10 17 6 12 28 5 24 1 27 14 3 30 22 11 31 0
0 25 10 16 14 32 8 21 27 13 23 11 9 12 2 7 1 18 15 5 6 29 26 19 3 31 4 28 22 17 20 30 24 0
0 18 16 3 20 1 21 9 14 4 7 19 8 29 12 26 13 25 22 11 27 5 30 15 23 17 10 6 32 2 24 28 31 0
0 9 24 10 31 32 16 17 4 5 6 21 22 15 7 13 12 14 1 18 26 23 11 3 30 2 19 20 27 28 8 29 25 0
0 24 5 30 27 1 25 7 22 18 11 20 31 6 3 21 13 9 10 2 28 4 17 29 8 15 19 14 16 26 32 12 23 0
0 22 5 13 1 4 11 9 3 18 21 10 15 28 7 16 29 31 27 19 30 26 14 17 8 12 32 2 6 20 24 25 23 0
0 31 18 3 26 5 32 13 30 2 6 28 15 4 10 25 9 8 29 1 14 19 12 16 21 27 11 7 23 22 20 17 24 0
0 24 10 20 18 4 23 28 29 19 7 17 31 25 1 16 6 5 15 32 27 11 21 14 30 8 9 3 13 2 22 12 26 0
0 2 10 7 24 25 17 13 16 30 20 15 8 27 23 14 28 9 1 5 29 22 4 3 18 21 6 32 11 19 26 12 31 0
0 28 17 9 5 21 8 2 15 26 6 31 29 3 18 20 11 27 32 22 19 24 7 1 4 23 13 16 10 25 12 30 14 0
0 11 27 8 31 12 17 30 29 25 4 2 20 6 9 21 24 10 32 13 15 22 28 14 1 7 16 23 3 26 19 5 18 0
0 32 7 31 1 22 26 5 30 19 17 23 28 4 13 27 21 12 11 18 6 20 3 29 24 15 14 2 8 9 25 10 16 0
0 29 30 3 10 9 14 27 31 7 24 2 19 5 4 23 17 25 11 22 15 32 26 13 8 21 16 18 28 20 1 6 12 0
0 20 18 27 29 7 26 24 31 4 30 19 3 9 10 1 23 32 15 5 14 13 12 28 2 17 22 6 16 25 8 11 21 0
0 6 18 23 14 20 12 19 24 8 27 16 30 13 1 15 25 26 5 32 2 29 17 10 22 21 7 31 28 3 4 11 9 0
0 15 22 11 3 25 6 23 8 24 10 1 16 26 27 13 9 21 20 29 32 17 2 19 12 14 28 5 31 7 30 4 18 0
0 9 25 19 21 20 6 13 10 15 5 30 26 32 24 3 27 1 14 11 22 17 28 18 16 12 2 29 31 7 4 8 23 0
0 6 10 19 2 32 15 14 4 3 5 7 26 23 20 24 22 25 18 1 29 27 31 8 21 28 11 17 9 12 13 16 30 0
0 28 31 1 19 11 21 22 20 8 14 6 12 18 13 27 30 4 7 9 25 32 26 23 2 10 16 29 5 15 3 17 24 0
0 19 24 13 20 32 7 10 16 3 11 28 4 14 2 26 9 18 31 17 22 12 1 25 15 29 8 6 30 27 5 21 23 0
0 23 17 11 25 14 31 26 19 4 28 8 12 29 24 6 27 5 13 2 22 20 10 32 9 15 30 21 1 7 18 16 3 0
0 4 32 17 15 20 24 13 10 26 21 14 31 28 27 6 22 25 30 8 3 23 5 7 9 1 18 2 11 29 19 16 12 0
0 10 22 8 16 6 11 4 13 18 14 32 27 26 25 21 24 31 3 17 28 2 5 20 23 29 1 19 30 12 7 9 15 0
0 4 23 9 12 21 10 13 20 17 27 15 14 18 2 32 11 7 3 5 29 24 6 1 8 28 25 22 19 30 16 26 31 0
0 16 22 30 6 2 28 32 20 5 29 26 8 17 7 31 24 23 18 4 11 27 12 9 3 25 21 14 19 13 15 1 10 0
0 15 30 25 17 2 22 1 29 4 14 16 9 31 13 11 20 7 23 12 8 28 5 21 27 18 10 19 26 3 6 32 24 0
0 32 13 21 9 29 1 11 30 17 19 2 4 27 16 24 10 5 8 20 22 7 12 31 3 14 28 18 25 15 26 23 6 0
0 8 18 10 9 19 25 7 23 26 16 17 5 21 27 32 2 1 15 3 31 11 6 30 24 12 14 4 29 20 28 22 13 0
0 1 26 30 11 32 5 7 13 18 6 21 28 9 14 15 27 16 22 17 4 3 24 25 10 23 19 29 8 2 12 20 31 0
0 23 24 19 27 28 32 26 25 6 14 15 10 20 31 22 11 12 21 1 5 2 16 18 13 8 3 17 30 7 29 9 4 0
0 20 18 9 22 12 10 15 27 21 6 14 16 25 1 3 11 30 29 23 19 8 7 28 4 5 2 32 24 17 31 26 13 0
0 7 3 12 21 11 1 26 32 14 19 5 31 15 30 20 2 10 13 8 17 18 27 23 4 24 9 28 16 22 29 6 25 0
0 23 22 10 16 9 30 1 24 28 3 8 5 25 15 7 17 4 32 19 21 29 6 31 2 12 14 20 26 27 13 11 18 0
0 2 31 13 6 20 11 32 21 16 9 23 7 3 4 18 29 24 19 1 22 5 26 25 14 30 12 8 17 10 27 28 15 0
0 15 27 18 28 1 4 8 6 5 3 11 32 7 17 20 22 31 14 9 25 21 12 26 16 2 13 29 23 19 24 30 10 0
0 22 13 2 16 6 30 21 25 17 5 31 24 8 23 1 12 29 28 19 32 20 26 3 9 14 7 10 18 27 11 4 15 0
0 24 17 25 27 31 21 10 20 15 16 8 2 14 32 7 26 29 30 1 6 9 4 28 12 5 22 18 11 23 19 3 13 0
0 6 16 19 2 31 27 29 28 12 9 18 32 17 5 13 4 7 15 10 1 26 30 25 22 23 21 14 3 11 20 8 24 0
0 25 1 21 15 9 26 28 23 29 18 3 8 31 5 22 7 6 13 14 4 17 32 2 19 12 10 30 24 27 20 16 11 0
0 25 21 6 11 27 2 5 28 16 4 32 18 9 12 17 10 1 24 15 14 26 30 31 8 7 20 23 3 29 13 22 19 0
0 15 14 22 5 4 32 25 20 13 8 29 30 9 19 17 31 27 2 18 6 24 28 23 12 3 26 7 10 11 16 1 21 0
0 31 22 28 12 11 13 29 4 27 6 23 32 15 2 9 3 24 21 10 20 14 18 16 26 5 30 1 19 17 7 8 25 0
0 26 22 24 21 1 28 18 12 4 20 11 30 31 14 3 32 25 15 10 8 6 29 7 5 2 27 16 19 13 9 23 17 0
0 8 4 7 18 11 17 15 1 12 26 25 23 3 30 27 19 21 32 20 16 31 24 10 9 29 13 2 6 28 22 5 14 0
0 9 14 4 5 12 27 17 26 20 19 28 3 10 31 15 8 11 7 21 1 6 16 13 23 22 24 2 30 29 32 25 18 0
0 23 7 22 11 9 5 15 26 30 27 28 2 19 16 18 31 8 13 24 4 25 3 21 32 29 1 14 10 17 6 20 12 0
0 16 17 20 2 8 23 15 14 5 19 31 10 27 32 11 6 3 22 21 1 9 26 12 13 30 28 7 4 24 18 25 29 0
0 5 8 4 17 29 23 3 2 18 7 16 9 11 6 24 31 30 10 25 1 14 15 27 21 20 32 12 26 19 22 13 28 0
0 26 6 8 1 18 11 7 21 29 23 16 17 15 9 25 30 24 20 28 14 31 2 5 19 10 4 22 3 12 13 27 32 0
0 8 24 3 27 29 20 21 18 13 6 2 31 7 19 28 4 9 26 14 25 10 17 16 12 1 5 11 30 22 32 23 15 0
0 32 21 2 7 28 4 23 12 30 8 25 19 11 22 13 5 26 14 17 16 31 24 20 3 10 27 15 18 29 6 9 1 0
0 24 10 14 20 18 23 21 19 4 6 11 8 29 7 31 9 17 5 3 15 1 30 13 27 28 25 16 12 32 22 26 2 0
0 29 12 4 26 14 2 25 5 22 11 23 31 19 32 10 15 20 9 8 1 21 13 17 18 28 27 3 24 16 7 30 6 0
0 31 8 24 4 1 18 9 23 3 11 2 6 16 13 21 7 28 25 10 17 14 26 5 27 29 19 12 32 22 15 20 30 0
0 13 25 20 27 23 21 8 29 26 30 5 9 11 22 12 2 10 32 6 14 31 16 18 15 17 1 7 3 28 4 24 19 0
0 18 11 13 23 7 24 6 30 19 5 32 21 22 3 31 4 16 28 17 8 25 10 15 2 26 20 9 14 1 12 29 27 0
0 17 14 22 28 31 24 15 11 13 27 7 18 25 8 26 29 16 21 19 1 6 32 10 30 4 9 20 23 12 3 5 2 0
0 3 21 26 10 27 11 14 16 23 13 18 31 24 4 28 22 5 29 15 1 6 7 32 17 30 19 25 9 8 12 20 2 0
0 13 19 10 22 17 28 23 15 30 29 24 14 20 5 9 11 32 2 31 6 16 21 25 8 7 4 26 1 27 3 18 12 0
0 4 5 16 21 31 1 20 10 18 7 24 8 6 28 14 2 11 23 19 15 27 32 17 25 30 12 13 29 26 9 3 22 0
0 20 10 25 9 4 32 24 15 29 14 11 23 12 6 3 30 22 13 28 16 31 26 21 2 19 17 1 7 5 8 27 18 0
0 11 4 15 6 31 24 26 28 5 21 2 13 14 23 29 7 3 19 16 10 17 9 8 25 12 27 1 22 32 20 18 30 0
0 13 21 11 20 23 15 10 5 24 2 14 16 22 29 4 19 6 28 12 31 9 18 1 17 30 32 25 3 27 7 26 8 0
0 21 15 8 24 28 3 4 30 25 18 26 1 16 10 7 13 14 22 23 5 11 17 6 2 27 20 32 31 19 29 12 9 0
0 2 4 28 6 24 19 26 3 15 22 20 12 23 10 5 7 1 30 25 17 16 13 32 29 27 21 18 9 14 8 11 31 0
0 12 28 23 27 7 5 4 19 8 16 24 18 10 13 9 22 25 30 17 26 20 11 6 2 14 3 21 1 31 29 15 32 0
0 13 18 1 32 5 19 12 11 8 4 14 6 25 10 27 2 26 15 22 9 23 29 24 3 20 21 7 31 28 16 30 17 0
0 17 21 14 27 10 22 7 32 18 24 29 2 12 1 13 31 5 9 26 16 23 8 19 4 11 15 25 28 6 30 3 20 0
0 9 10 22 6 7 29 20 8 18 26 24 5 17 15 12 27 21 30 14 28 23 1 32 11 19 31 4 13 3 16 25 2 0
0 13 21 24 28 31 20 9 23 30 19 27 22 25 16 32 3 15 14 11 18 26 7 1 8 10 17 12 6 2 4 5 29 0
0 23 7 15 29 27 6 28 21 1 25 30 31 20 24 32 8 19 22 12 17 16 18 9 26 4 3 11 13 10 5 2 14 0
0 15 8 13 14 17 18 11 29 7 3 31 25 32 30 24 6 12 27 23 5 21 9 19 20 2 16 28 1 10 22 4 26 0
0 11 5 15 18 7 20 12 2 23 27 30 28 22 13 19 26 17 10 3 8 1 16 21 4 9 25 29 32 14 24 31 6 0
0 16 17 1 2 19 20 4 8 15 27 13 31 5 32 7 29 14 25 12 24 10 3 22 18 11 9 6 26 30 21 23 28 0
0 27 4 13 20 2 8 10 9 7 22 16 6 3 21 1 14 19 26 29 30 25 23 24 15 12 17 32 11 31 28 5 18 0
0 30 25 21 16 3 24 28 5 6 8 11 7 2 23 26 10 20 9 22 13 14 1 27 31 29 4 17 32 18 15 19 12 0
0 6 15 19 20 31 16 32 28 24 9 2 8 30 1 7 10 29 23 11 25 12 18 5 4 21 3 17 26 27 14 13 22 0
0 24 7 17 4 3 2 30 26 9 5 14 32 16 29 31 11 19 25 10 27 22 20 13 23 1 21 6 28 8 18 15 12 0
0 32 2 23 5 7 1 24 12 21 3 22 29 4 26 15 31 14 16 18 19 30 13 27 17 11 25 10 9 28 6 20 8 0
0 14 9 2 25 15 10 30 6 21 17 12 18 23 19 22 31 11 8 16 32 27 7 20 26 1 29 13 24 28 4 3 5 0
0 2 4 32 24 7 26 21 6 15 23 29 5 27 9 3 17 25 30 11 31 22 8 12 18 14 13 1 28 20 16 19 10 0
0 17 15 13 2 22 28 25 10 12 3 29 30 27 23 1 8 24 32 5 9 4 26 18 21 6 16 11 7 31 19 20 14 0
0 29 25 30 27 9 3 26 32 24 11 18 2 20 31 8 4 22 16 14 23 17 10 6 19 12 13 1 28 15 5 7 21 0
0 17 18 16 13 1 10 2 23 24 30 14 9 29 32 7 22 3 15 8 6 19 11 26 25 27 4 5 28 31 12 21 20 0
0 29 20 12 23 31 15 16 22 32 26 13 10 8 6 11 2 3 27 18 21 1 14 30 17 4 19 7 5 28 9 25 24 0
0 31 18 14 4 26 13 3 6 24 1 12 17 11 19 28 22 15 29 7 10 23 21 5 20 27 32 8 30 16 2 9 25 0
0 23 29 8 18 31 20 5 4 24 12 2 27 17 6 9 16 1 26 19 25 7 11 3 22 13 32 15 21 14 28 10 30 0
0 11 1 21 9 18 31 19 22 12 17 24 7 15 16 6 27 3 25 30 20 14 13 5 2 29 23 4 26 32 10 8 28 0
0 6 32 30 12 28 27 14 31 13 22 19 9 24 23 25 15 26 17 29 21 10 5 2 11 20 16 3 4 18 7 8 1 0
0 9 3 17 10 18 5 8 27 15 19 14 16 32 21 22 30 25 24 4 29 1 6 26 20 2 13 7 12 31 28 23 11 0
0 9 1 13 12 11 14 8 6 26 18 2 24 4 5 23 7 10 31 25 19 27 3 28 15 32 17 22 30 20 21 29 16 0
0 26 27 18 10 23 2 14 17 13 9 8 29 19 4 22 31 25 12 7 21 20 11 30 5 3 16 15 6 1 24 28 32 0
0 4 2 5 28 18 24 13 1 8 3 15 22 11 26 10 14 16 25 21 12 23 19 9 31 20 29 30 32 6 17 27 7 0
0 4 6 12 7 22 11 26 24 21 8 1 9 25 18 30 20 28 13 29 16 2 32 27 19 14 31 5 23 10 15 3 17 0
0 19 14 30 18 4 1 31 6 23 15 8 27 24 12 32 22 5 25 3 17 10 21 11 13 29 28 20 9 26 16 7 2 0
0 2 32 31 15 21 14 27 13 1 3 12 5 23 6 9 4 29 26 18 7 22 24 30 25 11 16 20 10 8 28 17 19 0
0 13 6 20 23 3 12 7 22 31 24 4 28 8 2 1 21 26 11 9 27 14 32 19 25 16 17 10 29 30 5 15 18 0
0 3 30 11 18 6 29 2 25 31 27 28 19 16 7 8 15 32 24 5 23 12 22 10 20 14 9 17 1 4 13 26 21 0
0 21 14 30 10 5 25 17 20 1 31 24 4 28 8 11 23 19 32 22 27 7 13 6 15 12 29 18 2 26 3 9 16 0
0 30 15 23 26 3 22 1 19 2 6 20 17 24 10 8 16 5 4 31 13 12 21 7 9 18 27 29 11 14 25 28 32 0
0 20 3 30 1 15 12 22 2 14 26 6 9 8 31 25 4 17 28 24 32 23 21 27 16 29 11 5 18 10 19 7 13 0
0 14 17 15 22 18 6 1 28 31 9 19 7 27 11 16 4 12 10 23 13 3 5 20 25 2 26 32 30 21 29 8 24 0
0 14 12 13 23 18 7 24 29 6 8 5 26 28 27 20 2 11 1 10 15 25 31 21 22 9 3 32 30 16 4 19 17 0
0 19 22 26 1 28 11 4 6 25 2 7 17 5 29 10 18 23 13 24 3 9 30 12 31 21 27 8 14 16 20 32 15 0
0 31 9 21 23 13 3 30 12 1 7 2 25 22 18 6 4 15 29 11 19 5 16 17 10 20 27 26 14 28 8 24 32 0
0 30 11 13 17 18 14 2 32 26 4 21 3 22 19 6 9 28 24 27 20 12 10 25 29 23 5 8 15 7 1 31 16 0
0 13 18 12 30 28 6 21 26 11 22 16 15 29 9 10 5 32 31 24 7 1 23 27 4 25 8 20 14 2 19 3 17 0
0 21 11 7 29 24 22 3 6 14 9 27 17 2 30 8 32 15 23 5 26 16 12 19 20 25 13 18 1 4 28 31 10 0
0 10 23 12 11 16 20 13 26 2 31 1 4 7 24 15 5 9 3 8 19 17 25 27 21 30 32 6 28 14 18 29 22 0
0 4 21 9 16 8 31 10 14 12 20 27 32 25 23 29 13 30 7 15 19 11 22 1 17 24 2 28 26 5 6 18 3 0
0 23 20 6 25 12 17 32 19 22 2 31 30 13 29 15 28 24 5 1 4 14 16 9 3 21 27 11 8 18 26 10 7 0
0 21 11 22 5 6 27 16 1 29 4 12 9 15 20 10 30 3 31 7 2 25 13 26 23 28 14 18 24 19 8 32 17 0
0 27 6 14 5 4 8 26 13 32 19 25 30 22 28 21 29 17 23 9 3 2 18 12 7 11 16 31 1 20 10 24 15 0
0 7 14 27 12 6 31 16 9 26 13 2 3 1 15 23 11 25 29 5 4 18 24 32 20 8 17 22 28 19 10 30 21 0
0 31 29 12 28 9 18 2 10 6 17 27 15 30 22 8 19 24 7 14 3 23 5 21 16 4 13 32 25 26 11 1 20 0
0 26 14 6 19 10 2 11 29 3 30 25 13 5 23 8 28 20 9 4 24 18 12 7 21 22 27 16 1 15 31 17 32 0
0 11 30 4 26 28 20 21 5 32 14 16 17 6 10 24 29 12 15 9 18 31 27 1 13 22 3 25 23 7 19 8 2 0
0 31 16 5 26 6 29 13 10 30 23 2 19 14 1 25 8 7 24 4 9 22 17 18 21 11 32 3 28 20 27 12 15 0
0 1 22 31 4 8 24 2 16 20 13 9 32 27 21 6 7 18 15 28 29 30 5 25 23 3 12 17 19 10 11 26 14 0
0 22 2 28 3 20 1 9 4 7 11 8 16 26 17 31 18 23 13 10 27 19 32 29 24 12 30 5 25 21 6 14 15 0
0 9 24 20 2 18 25 13 6 1 11 22 8 26 12 14 7 17 15 31 27 30 21 19 28 4 16 29 10 23 32 3 5 0
0 32 27 7 25 3 14 15 21 10 1 28 6 19 24 17 8 12 2 30 13 29 11 26 16 5 31 20 22 23 18 9 4 0
0 10 22 23 30 24 28 19 25 16 7 2 9 11 6 13 29 14 8 3 26 32 31 21 27 4 17 18 15 20 12 5 1 0
0 27 14 25 23 3 15 6 1 18 10 22 5 16 32 31 11 24 9 29 8 2 30 12 19 20 21 7 26 13 4 28 17 0
0 21 18 30 28 9 32 20 25 4 2 12 26 27 11 24 6 19 1 23 10 7 15 29 16 14 8 13 5 17 31 22 3 0
0 5 28 6 2 19 8 23 7 13 10 29 15 27 20 31 26 9 22 11 12 21 30 24 1 25 3 16 32 18 4 14 17 0
0 5 23 7 26 9 32 21 19 14 1 18 30 8 3 10 17 2 24 15 27 4 20 12 29 16 6 22 13 28 31 11 25 0
0 27 14 25 7 11 32 26 5 20 10 19 2 30 16 1 6 21 4 22 31 18 3 24 28 15 23 9 29 12 8 17 13 0
0 8 26 14 30 29 4 7 16 22 13 23 21 5 9 17 12 3 2 11 24 10 25 28 19 31 18 15 6 32 20 27 1 0
0 5 24 19 2 23 28 8 15 1 25 26 11 13 27 30 12 32 9 3 10 7 16 18 29 21 6 4 17 20 22 14 31 0
0 13 15 6 20 17 30 19 10 9 12 24 22 5 2 27 14 7 23 1 8 29 28 18 4 32 11 26 25 21 16 3 31 0
0 12 26 17 32 16 9 28 5 25 29 2 20 3 11 7 23 18 4 21 8 14 15 30 19 24 22 1 13 27 10 6 31 0
0 31 22 12 32 8 29 30 17 10 24 21 1 15 6 26 4 14 20 23 13 7 28 27 16 19 9 18 11 3 2 25 5 0
0 1 28 15 11 9 23 27 14 7 29 4 17 31 25 13 12 26 16 5 30 2 32 8 10 19 21 18 20 22 24 3 6 0
0 11 5 3 26 31 12 23 8 28 9 1 25 14 15 6 4 20 29 32 16 24 22 18 17 10 19 7 27 21 13 30 2 0
0 19 3 20 25 18 24 13 22 14 9 30 5 4 23 11 15 29 6 1 27 32 7 8 21 10 2 16 17 26 28 12 31 0
0 6 8 32 11 24 4 31 21 1 15 20 25 14 16 23 30 7 12 9 3 13 26 29 18 2 17 10 5 28 27 22 19 0
0 14 24 18 2 22 26 28 32 29 25 6 7 21 27 13 31 11 23 4 12 3 30 19 15 1 8 9 16 20 10 17 5 0
0 29 26 28 20 17 6 16 4 23 1 27 3 32 24 2 25 21 18 5 10 19 31 14 13 22 30 12 7 15 8 9 11 0
0 28 13 4 12 24 30 14 6 7 3 9 5 17 16 2 8 27 25 15 18 1 19 26 23 20 32 31 29 11 21 22 10 0
0 20 6 29 16 13 23 4 10 19 11 25 8 26 7 3 31 2 28 24 21 5 12 14 1 32 30 15 27 18 9 17 22 0
0 4 22 5 7 30 18 31 17 3 32 19 21 8 24 25 2 11 1 16 20 28 23 27 10 14 29 15 12 9 13 26 6 0
0 13 11 1 18 10 8 15 12 32 4 19 3 5 23 28 9 27 29 16 17 21 30 22 26 7 14 31 24 6 20 2 25 0
0 5 28 16 4 15 6 18 23 19 17 29 27 25 32 14 8 3 30 22 10 2 7 1 9 13 31 12 21 24 20 26 11 0
0 11 13 27 24 12 8 17 5 32 3 30 26 25 19 9 23 16 7 28 6 15 21 20 4 29 18 31 2 1 14 22 10 0
0 1 11 20 31 22 30 25 5 13 12 24 7 3 18 9 23 28 29 21 26 32 16 8 4 6 17 10 14 27 2 19 15 0
0 9 12 20 2 10 28 18 27 21 8 11 26 13 15 7 22 14 4 16 30 19 1 6 5 31 25 32 17 29 23 3 24 0
0 29 11 26 8 22 14 31 3 6 18 25 10 27 20 7 2 12 1 13 9 5 21 32 24 28 16 4 23 15 30 19 17 0
0 26 7 32 17 5 23 9 20 25 3 31 6 29 21 8 15 11 2 1 30 24 27 22 16 19 12 18 14 28 4 13 10 0
0 11 7 24 12 2 20 31 1 6 26 32 14 28 9 15 5 10 25 30 29 17 21 4 23 16 19 22 18 3 13 8 27 0
0 17 13 31 29 27 2 24 19 1 26 25 4 21 3 12 14 28 5 7 18 6 10 30 11 20 16 15 32 9 8 23 22 0
0 16 14 17 2 11 6 22 31 3 12 23 19 1 10 20 32 27 21 26 29 30 25 4 13 9 8 15 5 24 18 7 28 0
0 30 3 17 11 14 1 10 32 18 5 26 24 21 13 16 8 31 6 22 15 25 23 12 20 27 28 7 2 29 9 4 19 0
0 23 11 31 13 26 5 27 20 25 29 22 17 8 14 4 1 15 7 6 18 28 24 30 32 21 19 2 10 16 9 12 3 0
0 14 17 28 10 30 29 3 21 25 27 13 11 15 6 20 22 8 24 4 9 19 32 18 1 31 7 16 26 12 2 5 23 0
0 19 28 7 9 18 1 31 23 26 2 11 15 5 17 24 32 8 27 4 30 22 14 10 16 20 3 6 25 12 13 21 29 0
0 19 5 32 1 4 9 12 25 15 14 30 26 8 13 29 27 3 18 22 16 7 11 23 31 21 17 20 28 10 6 24 2 0
0 7 10 18 28 20 17 22 8 13 14 4 15 29 2 30 3 9 12 21 23 6 25 19 5 32 31 24 27 16 1 26 11 0
0 1 5 4 26 9 27 31 15 10 24 19 29 7 32 2 25 20 17 14 30 6 8 11 28 12 13 3 23 18 21 16 22 0
0 30 22 13 24 27 11 21 5 9 28 26 23 14 20 12 3 10 8 16 18 25 19 29 6 7 17 31 2 1 32 15 4 0
0 10 22 6 15 24 31 3 1 25 17 23 14 7 26 2 9 19 18 12 32 8 29 30 20 16 11 28 21 13 27 5 4 0
0 1 18 16 17 14 19 13 7 32 8 15 23 30 12 10 4 20 24 9 21 22 26 11 25 29 31 2 28 3 27 6 5 0
0 10 22 4 24 21 31 29 2 32 15 8 7 23 16 12 17 9 5 3 1 27 19 14 26 30 18 6 11 20 13 28 25 0
0 6 7 32 15 5 16 20 8 12 29 9 4 27 25 24 1 26 3 19 17 11 10 18 31 21 28 30 13 2 14 22 23 0
0 6 10 8 21 17 29 1 28 23 2 5 15 13 19 32 12 30 31 16 20 18 24 9 22 3 27 14 7 25 4 26 11 0
0 2 11 30 3 20 9 29 13 32 22 8 6 28 12 19 17 25 26 24 23 14 7 10 18 5 15 16 21 27 4 1 31 0
0 32 19 4 1 28 11 15 2 29 22 21 12 31 10 24 5 23 16 14 20 3 7 18 30 26 9 13 17 25 27 6 8 0
0 16 19 24 15 26 13 29 11 2 30 31 32 23 20 22 14 5 3 17 8 1 9 27 21 25 12 10 4 28 6 7 18 0
0 29 26 4 6 11 21 23 25 18 20 24 31 27 32 28 3 2 1 9 10 19 13 12 8 22 7 14 30 15 16 17 5 0
0 17 1 11 21 27 8 9 29 14 5 13 4 25 16 7 23 31 15 3 20 24 26 10 19 18 12 32 30 2 28 6 22 0
0 12 6 10 29 22 24 15 23 8 19 18 4 31 1 25 30 7 17 16 11 13 20 3 9 32 2 21 26 5 14 28 27 0
0 4 11 5 22 10 12 27 9 15 17 7 23 20 28 3 14 18 25 1 30 2 6 16 19 32 21 31 26 13 24 29 8 0
0 23 27 18 29 19 30 20 25 22 3 14 32 17 1 11 10 31 5 13 21 7 6 8 24 2 15 26 28 16 12 4 9 0
0 22 26 5 3 16 6 8 19 30 21 20 12 28 9 31 25 14 1 4 11 27 24 2 32 7 29 13 10 23 17 15 18 0
0 13 20 32 11 25 28 8 1 6 14 24 21 30 18 7 27 16 31 19 4 17 23 29 3 5 10 26 9 15 2 22 12 0
0 15 7 3 30 14 8 16 1 12 2 26 9 28 18 11 23 22 10 31 24 27 25 19 29 13 5 6 4 20 21 17 32 0
0 22 4 13 21 23 3 17 26 1 32 18 5 6 8 30 24 2 10 9 12 27 25 29 14 16 19 31 11 20 7 15 28 0
0 7 22 10 3 6 26 18 13 21 17 1 19 14 31 16 20 8 11 30 23 27 28 32 29 2 24 9 5 4 15 12 25 0
0 14 29 4 7 10 5 25 27 20 9 12 21 26 28 1 15 2 24 31 22 18 8 16 23 11 19 13 3 32 6 17 30 0
0 31 22 3 6 7 10 16 28 27 23 2 9 19 24 13 11 21 30 18 14 5 4 17 26 32 25 12 8 1 15 20 29 0
0 14 27 26 12 8 17 20 15 1 6 29 16 3 13 2 18 4 30 21 10 7 25 23 24 22 31 19 11 32 28 9 5 0
0 1 18 16 5 25 15 24 8 7 30 12 13 32 22 11 31 23 20 27 2 10 21 28 6 26 9 17 4 14 3 19 29 0
0 23 24 5 28 16 9 1 18 14 7 3 32 10 8 13 15 30 27 17 2 11 12 22 4 21 20 29 31 26 6 19 25 0
0 22 1 8 29 4 14 10 16 5 26 15 31 13 19 11 6 17 12 25 20 23 32 24 7 18 9 30 3 2 28 27 21 0
0 10 30 28 5 22 2 11 32 25 15 19 1 16 17 6 3 27 4 29 9 21 12 18 8 26 7 14 23 13 31 20 24 0
0 22 2 31 30 3 21 15 26 4 19 6 7 29 27 12 25 8 18 20 14 5 1 23 17 24 13 32 11 28 16 9 10 0
0 6 16 7 23 15 32 31 17 4 25 2 29 22 24 20 11 19 1 26 21 18 27 3 5 14 28 30 8 12 13 9 10 0
0 18 13 15 17 10 32 3 30 31 22 28 20 9 12 24 27 23 5 26 6 8 2 16 19 1 14 4 7 29 11 21 25 0
0 15 11 4 8 19 12 22 25 23 14 10 13 5 7 26 30 24 27 17 18 1 6 28 32 29 20 2 9 16 31 21 3 0
0 30 7 6 27 13 20 8 22 15 32 29 24 1 28 12 10 4 11 16 21 31 26 2 25 5 18 19 14 3 9 17 23 0
0 24 18 3 19 28 6 32 23 25 13 2 8 21 14 11 26 30 20 22 27 31 1 29 16 12 7 10 15 5 17 4 9 0
0 24 17 14 29 9 15 30 13 26 11 5 16 12 28 25 18 19 7 32 10 1 4 6 8 27 22 21 20 23 2 3 31 0
0 19 9 13 16 18 22 25 15 7 29 14 26 5 23 3 11 28 12 17 1 4 6 20 30 32 2 21 24 8 10 31 27 0
0 8 24 32 29 26 20 30 19 4 14 13 15 21 10 6 22 27 9 5 31 18 1 2 12 23 28 16 17 7 11 25 3 0
0 5 17 11 32 15 19 25 30 24 9 13 3 27 16 12 6 4 14 1 2 23 20 28 31 10 18 22 26 21 8 7 29 0
0 23 17 8 20 9 12 15 22 10 7 6 19 26 30 24 29 32 14 4 25 1 3 5 2 18 11 28 27 31 16 13 21 0
0 27 25 15 23 3 1 2 28 32 24 8 18 26 21 4 11 5 9 20 16 30 10 19 14 29 22 6 17 12 7 31 13 0
0 11 15 31 10 4 18 5 14 32 30 25 19 27 6 16 20 1 9 21 8 2 23 22 28 17 3 12 7 13 29 26 24 0
0 23 14 7 26 8 17 4 9 12 18 32 3 27 6 30 28 22 25 19 10 24 1 16 11 13 15 5 20 31 29 21 2 0
0 16 27 10 7 22 20 18 12 30 14 1 19 8 21 3 6 24 25 15 32 9 11 5 13 26 28 31 17 2 29 4 23 0
0 20 4 23 5 21 10 17 3 24 8 6 2 11 29 1 31 14 13 16 18 26 15 12 25 7 28 22 27 32 9 19 30 0
0 12 11 26 32 14 28 18 7 24 30 22 9 16 23 13 10 4 17 21 6 25 29 15 31 3 8 20 27 5 2 1 19 0
0 7 22 16 4 30 8 14 19 26 32 3 20 13 9 23 25 15 24 11 21 18 6 2 29 17 10 1 27 28 31 5 12 0
0 15 19 31 29 21 22 6 7 11 28 18 13 2 24 16 1 14 25 9 3 8 10 5 27 30 23 26 32 20 4 12 17 0
0 20 32 29 18 17 28 24 3 1 2 12 15 26 25 9 11 31 10 22 4 23 8 16 6 7 14 19 27 5 30 13 21 0
0 4 23 21 24 28 11 16 10 7 26 18 29 19 20 5 2 9 30 12 25 6 8 22 3 15 27 17 31 13 1 14 32 0
0 9 22 14 13 15 1 7 10 32 25 28 8 21 27 19 2 4 31 30 20 29 17 5 3 12 16 18 11 26 24 6 23 0
0 18 9 24 19 8 13 17 7 29 11 32 3 6 1 25 27 26 20 21 5 2 28 15 10 30 4 31 23 12 14 22 16 0
0 16 17 23 14 26 27 1 22 29 21 11 5 7 2 4 8 19 12 13 20 32 9 18 31 28 15 6 30 25 10 24 3 0
0 29 24 21 30 28 14 5 25 18 1 12 13 23 31 9 8 27 6 22 7 32 19 2 16 17 3 15 4 26 11 20 10 0
0 32 24 22 10 4 3 9 5 1 20 18 27 26 31 13 2 30 12 28 11 21 23 14 25 15 16 19 7 8 17 29 6 0
0 19 29 10 11 17 30 21 1 31 20 5 9 25 7 32 28 12 13 27 24 8 14 3 15 4 22 16 6 26 23 2 18 0
0 18 5 7 13 1 15 9 25 20 14 26 22 30 23 6 4 31 19 17 8 12 29 32 11 16 10 27 24 21 28 2 3 0
0 20 30 23 19 24 28 27 25 11 6 31 26 14 18 12 21 2 10 13 4 29 1 3 7 22 16 32 8 17 9 15 5 0
0 25 27 10 11 3 20 14 23 18 22 4 2 21 9 13 19 17 1 32 6 29 12 15 28 24 26 7 30 16 8 5 31 0
0 17 2 14 11 18 27 8 13 25 23 30 21 3 7 20 24 15 9 1 10 22 28 5 16 19 26 12 6 31 4 32 29 0
0 23 28 22 10 24 3 17 13 9 11 26 18 2 19 30 1 27 5 4 14 16 29 20 7 15 32 25 8 31 12 21 6 0
0 27 30 12 22 21 24 15 5 32 7 17 9 3 10 26 23 4 16 2 20 1 11 29 14 18 19 28 13 25 6 8 31 0
0 29 27 16 2 20 21 30 28 6 23 10 26 22 25 31 11 4 3 7 15 5 17 12 13 8 9 24 14 18 19 1 32 0
0 1 16 6 18 23 29 4 9 3 28 15 20 7 2 13 25 19 26 30 12 5 31 8 32 14 17 27 11 22 10 21 24 0
0 26 15 5 23 28 14 29 30 18 13 32 4 24 22 11 17 8 10 16 25 20 9 2 31 7 21 19 1 12 27 3 6 0
0 28 14 3 11 16 30 12 7 25 24 31 22 29 5 10 13 6 26 1 20 17 8 2 18 19 4 32 15 23 27 21 9 0
0 2 25 12 29 3 17 6 28 5 4 16 22 11 30 1 21 32 8 9 13 7 31 20 10 23 27 14 15 24 26 19 18 0
0 7 15 20 16 29 24 32 28 19 31 17 3 12 27 5 14 6 25 23 1 13 9 26 2 8 30 11 10 22 4 21 18 0
0 8 21 31 23 20 26 14 22 10 19 28 25 29 30 3 7 24 18 1 17 5 12 27 15 6 32 4 11 9 16 13 2 0
0 22 29 16 14 6 13 26 15 24 19 25 12 9 5 8 4 3 32 23 10 27 2 11 7 28 21 17 1 31 20 30 18 0
0 10 24 29 4 26 6 15 17 8 32 11 9 23 20 5 27 14 21 13 16 19 1 22 31 2 12 7 30 28 25 3 18 0
0 7 4 30 19 27 10 11 32 2 21 26 13 8 22 6 12 31 3 16 20 24 5 15 23 14 17 18 25 1 9 29 28 0
0 6 18 8 25 2 15 10 24 12 26 3 7 32 14 5 11 9 13 31 4 27 22 30 23 21 20 17 28 29 1 19 16 0
0 26 4 19 2 8 1 11 6 18 14 13 22 12 27 30 23 7 15 25 29 31 24 3 9 28 10 20 21 17 5 32 16 0
0 21 22 16 25 26 2 4 1 19 11 23 10 5 18 30 8 17 14 29 12 13 7 15 32 3 24 27 28 31 20 9 6 0
0 5 21 10 4 29 12 11 27 2 18 32 1 23 14 26 19 24 9 8 31 28 25 15 16 13 20 3 6 22 30 7 17 0
0 13 17 32 20 23 24 16 9 31 21 2 11 25 1 18 5 8 14 26 3 6 29 4 19 10 7 30 12 22 28 27 15 0
0 8 5 30 31 27 4 29 18 14 24 7 2 11 6 3 13 19 32 10 15 9 23 17 16 22 25 21 20 1 12 28 26 0
0 22 7 16 5 18 1 21 28 14 19 11 30 20 8 27 29 10 25 31 3 9 15 23 4 2 32 17 24 26 6 13 12 0
0 18 17 23 2 29 9 28 7 21 24 32 26 3 10 5 4 15 16 31 30 6 13 1 8 25 11 22 27 12 19 20 14 0
0 30 6 27 3 21 16 4 28 26 8 13 5 32 9 22 24 14 17 23 31 7 20 10 15 2 1 11 18 29 19 25 12 0
0 1 31 22 29 24 21 12 11 15 19 13 10 23 18 30 9 2 26 28 25 8 7 20 27 32 4 17 14 3 16 6 5 0
0 15 9 2 5 8 29 14 17 27 22 31 11 26 12 32 28 25 20 21 1 24 6 19 7 30 18 10 16 4 23 13 3 0
0 31 19 29 12 1 23 16 2 25 8 3 30 17 21 5 22 4 32 10 9 11 26 13 14 28 6 18 27 15 20 7 24 0
0 1 15 26 18 6 4 8 31 32 24 29 21 25 19 22 3 23 12 7 14 11 20 30 17 5 2 27 10 9 16 13 28 0
0 19 14 23 17 11 28 21 31 22 5 24 25 15 29 4 8 6 2 16 20 1 30 9 26 32 18 10 3 7 27 12 13 0
0 19 31 12 22 17 1 8 15 10 14 13 18 20 4 16 29 9 24 6 27 26 7 5 2 11 21 25 30 3 23 28 32 0
0 1 21 29 25 20 15 8 31 3 17 10 28 19 13 32 12 7 22 5 2 4 26 30 23 24 27 6 14 16 9 18 11 0
0 11 7 16 17 20 13 19 32 23 10 22 4 15 26 31 8 25 6 21 5 9 18 2 24 29 1 28 14 27 30 12 3 0
0 10 15 5 18 30 1 23 20 2 16 11 17 3 25 26 27 31 8 28 32 6 14 24 22 29 19 13 21 7 12 4 9 0
0 24 3 12 14 15 22 25 17 26 32 27 6 18 9 19 20 8 5 30 4 28 23 31 11 2 21 29 13 7 10 1 16 0
0 3 32 29 21 22 16 13 19 27 18 28 10 26 9 11 17 24 5 30 2 20 23 4 15 7 6 31 12 14 1 25 8 0
0 15 13 27 31 29 22 2 8 23 25 11 4 12 10 32 21 28 16 30 6 3 14 5 1 19 20 7 9 18 24 17 26 0
0 14 31 12 5 27 16 24 3 1 17 22 26 25 4 13 6 9 19 21 15 20 30 10 18 7 8 29 28 32 2 11 23 0
0 31 1 10 25 14 3 26 27 5 20 12 2 13 19 30 9 24 17 6 21 7 28 29 8 11 22 23 32 4 18 16 15 0
0 30 23 24 15 26 7 4 21 10 31 14 13 5 17 27 2 9 25 18 12 19 11 1 28 3 22 32 16 8 20 6 29 0
0 2 18 14 4 10 5 7 11 20 15 17 16 13 28 8 23 31 1 19 9 29 24 26 21 27 32 22 25 3 6 30 12 0
0 23 9 24 20 16 4 6 18 8 15 26 29 17 27 21 7 22 25 28 3 31 5 12 11 32 19 10 14 13 1 30 2 0
0 30 6 21 26 24 14 16 32 18 29 3 28 23 2 1 25 9 5 27 12 8 13 11 17 10 15 22 31 20 19 7 4 0
0 21 27 5 9 2 10 23 13 29 19 11 4 20 25 28 1 12 15 17 26 18 6 32 30 22 24 31 16 14 7 3 8 0
0 20 19 5 27 30 16 26 18 9 13 4 17 2 32 23 29 11 7 6 25 15 28 10 21 31 8 22 14 24 1 3 12 0
0 30 2 15 20 19 9 4 26 11 10 16 22 31 32 14 1 23 8 12 3 24 17 25 21 7 27 5 6 29 18 28 13 0
0 23 29 1 5 17 3 8 28 22 24 15 32 11 6 21 19 4 10 25 20 31 12 13 2 7 16 26 9 27 18 14 30 0
0 13 5 25 12 15 14 22 29 11 8 2 20 6 4 26 1 7 30 10 9 24 16 32 18 31 27 19 28 17 23 21 3 0
0 31 3 2 16 14 24 10 30 1 12 4 13 6 18 23 29 5 28 27 19 20 9 21 8 7 17 11 25 15 26 22 32 0
0 27 31 19 23 1 15 10 24 9 13 30 12 11 3 8 28 20 25 29 7 22 26 16 5 14 6 32 17 2 4 18 21 0
0 22 31 2 12 30 23 1 9 29 7 15 8 25 21 4 18 14 28 19 10 13 20 3 11 32 27 5 16 26 17 24 6 0
0 24 16 18 29 32 1 12 2 7 6 23 25 13 21 14 17 26 31 28 4 30 15 22 5 11 9 10 27 3 8 19 20 0
0 3 5 8 11 15 24 12 14 31 28 16 30 21 9 19 29 18 4 20 7 13 26 10 32 17 22 23 1 27 2 25 6 0
0 12 21 27 23 11 25 32 15 31 3 16 17 2 19 13 10 22 14 18 7 20 9 24 5 1 29 26 6 4 8 30 28 0
0 10 6 24 23 12 16 25 17 21 4 14 1 18 15 19 8 11 32 31 2 20 13 28 22 7 26 27 5 30 3 9 29 0
0 28 3 6 21 26 29 30 14 18 7 15 13 5 9 27 10 24 19 16 22 17 20 4 31 8 1 32 2 11 12 25 23 0
0 2 28 1 14 18 9 13 15 19 29 23 6 31 24 22 16 30 11 27 25 7 20 12 17 8 26 3 21 10 4 5 32 0
0 26 9 5 3 10 11 24 8 23 16 4 29 19 27 32 6 17 25 14 30 18 13 21 22 2 31 28 7 1 20 15 12 0
0 32 2 4 10 5 29 1 18 25 8 14 13 15 7 9 28 30 23 20 24 3 6 31 11 19 12 27 21 26 17 16 22 0
0 5 19 1 15 20 8 32 14 13 11 16 22 3 24 25 4 12 27 23 6 29 9 28 30 21 7 18 2 31 10 17 26 0
0 24 32 9 21 28 20 1 17 29 25 8 18 7 23 26 10 27 31 6 3 22 13 19 30 4 5 11 14 15 12 16 2 0
0 31 7 18 5 27 1 25 24 12 17 3 8 30 32 11 14 29 22 10 23 26 16 9 15 6 21 20 2 13 28 19 4 0
0 18 13 27 12 20 28 23 21 15 1 14 19 9 5 7 32 4 6 25 24 3 16 10 8 30 2 26 17 29 11 31 22 0
0 26 1 21 17 12 30 10 2 11 29 3 20 7 16 32 9 24 18 19 25 15 13 23 8 28 4 31 6 5 27 22 14 0
0 3 27 12 2 8 4 9 31 20 14 32 5 10 22 11 28 17 16 30 23 18 21 6 13 7 24 29 15 25 1 26 19 0
0 3 5 18 4 9 10 24 23 11 1 25 20 22 15 31 2 14 27 32 21 13 29 30 6 8 26 12 28 16 17 19 7 0
0 13 26 6 10 4 17 8 12 31 2 30 5 18 22 14 32 19 29 24 7 3 16 1 9 21 27 20 23 11 25 15 28 0
0 23 6 20 10 1 30 18 19 22 16 28 8 5 29 13 17 7 26 21 27 31 15 12 4 24 3 2 9 14 32 11 25 0
0 5 32 28 4 18 7 20 15 6 26 16 14 30 2 1 21 24 22 10 25 12 9 31 19 3 29 17 8 11 13 23 27 0
0 12 22 2 1 19 7 25 8 10 6 16 17 21 20 9 3 11 23 29 28 24 31 13 30 4 14 18 26 5 32 27 15 0
0 1 3 25 8 23 15 21 16 27 2 6 22 24 26 10 17 31 20 13 14 19 30 4 5 9 12 32 28 18 7 11 29 0
0 20 4 2 11 21 3 27 10 15 1 8 28 16 26 25 6 14 22 5 12 9 17 32 31 24 30 7 18 19 29 13 23 0
0 3 28 27 30 7 12 15 16 18 24 1 21 22 9 4 32 25 26 2 10 11 13 8 5 6 14 20 17 31 29 19 23 0
0 22 19 8 25 9 17 32 11 15 7 28 12 6 20 5 24 2 18 1 4 16 23 27 30 26 29 14 3 13 31 10 21 0
0 13 21 27 17 28 11 20 9 6 8 2 16 18 10 7 29 30 23 12 19 14 1 26 15 24 3 25 22 31 5 32 4 0
0 9 5 6 23 21 30 14 17 16 12 27 15 19 29 8 13 28 31 22 26 24 4 20 10 7 25 2 32 1 18 3 11 0
0 4 9 8 11 1 32 17 5 29 26 25 21 24 20 22 14 2 16 7 6 10 19 31 23 15 18 13 30 27 12 3 28 0
0 30 15 26 10 14 5 21 29 9 25 11 2 12 4 6 3 32 17 28 18 23 16 24 31 27 13 20 7 1 19 22 8 0
0 6 27 30 29 1 32 18 17 15 8 23 20 9 7 12 28 21 10 26 3 25 31 22 11 4 16 14 5 19 2 13 24 0
0 21 10 2 8 12 29 26 17 18 4 6 32 24 9 3 25 22 5 27 11 28 30 23 31 14 20 1 13 7 15 16 19 0
0 28 13 1 16 22 27 15 3 24 11 21 32 14 17 20 5 6 23 2 4 10 31 30 25 29 7 8 26 18 19 9 12 0
0 23 24 28 1 21 14 25 10 16 15 6 13 7 20 22 29 18 19 5 26 4 27 3 12 32 30 17 2 31 9 8 11 0
0 15 29 24 12 19 14 30 26 4 5 16 22 6 13 28 10 21 20 32 7 17 2 23 25 18 11 8 1 9 3 31 27 0
0 16 15 3 24 21 7 8 2 26 19 12 28 1 25 11 18 6 27 9 13 23 14 22 10 32 17 5 31 4 30 20 29 0
0 4 22 24 19 1 25 10 29 23 2 7 8 18 17 31 32 5 3 13 21 12 26 6 16 15 14 20 28 27 9 30 11 0
0 23 12 18 19 8 7 13 31 32 17 10 16 21 5 29 14 15 20 25 1 28 22 3 26 4 11 6 24 9 27 2 30 0
0 6 25 28 14 11 2 23 4 8 1 9 32 24 18 7 27 16 31 21 29 10 22 5 20 3 17 13 12 30 26 19 15 0
0 18 22 17 23 26 8 1 15 13 9 16 27 29 11 25 10 14 24 30 31 4 3 21 12 6 2 32 20 5 28 19 7 0
0 12 14 20 8 32 22 26 1 31 23 21 16 28 2 25 27 6 18 5 7 19 17 11 15 3 13 24 9 4 30 29 10 0
0 9 22 32 3 24 8 26 29 7 25 2 16 4 18 5 11 28 27 6 12 15 14 31 1 10 13 30 20 17 23 19 21 0
0 17 20 6 8 22 14 1 18 15 30 10 16 24 7 21 13 5 25 29 27 4 32 31 23 9 11 3 28 19 2 26 12 0
0 5 9 31 26 3 23 11 30 4 24 19 10 29 12 18 17 22 7 8 1 21 6 28 16 2 15 25 27 13 14 32 20 0
0 20 17 4 29 10 9 2 32 14 3 26 8 16 21 15 5 22 27 1 25 7 23 12 18 13 6 19 31 28 11 30 24 0
0 1 25 26 12 2 11 24 17 31 27 9 8 23 7 5 16 14 30 20 15 22 10 3 18 28 13 19 6 4 21 29 32 0
0 24 15 9 26 18 8 16 2 17 11 19 5 1 14 12 27 6 22 29 28 31 23 3 21 30 10 25 4 13 7 32 20 0
0 5 10 15 31 30 23 27 12 17 8 32 28 22 29 24 18 11 6 3 16 7 20 1 14 13 26 9 21 4 2 25 19 0
0 18 31 16 4 2 30 26 7 28 24 19 17 6 25 21 32 12 10 23 8 1 11 15 9 29 5 13 22 20 3 14 27 0
0 16 11 15 18 26 19 1 3 4 12 10 22 14 7 17 29 5 20 13 25 31 9 8 2 27 23 21 6 30 28 24 32 0
0 23 7 16 27 32 24 10 26 31 29 30 14 19 25 15 9 20 13 11 18 1 8 28 4 22 17 12 6 3 2 5 21 0
0 21 3 16 9 27 14 13 8 5 2 12 24 1 18 30 11 32 10 26 6 31 25 7 22 15 4 19 20 23 29 17 28 0
0 17 7 23 1 22 20 24 30 31 25 15 32 6 16 2 12 21 9 13 14 19 27 18 28 29 5 11 4 10 8 3 26 0
0 12 18 28 31 17 14 10 8 11 23 26 20 1 19 13 32 6 21 2 15 30 5 25 9 4 24 3 16 7 27 29 22 0
0 19 28 5 13 29 18 6 11 12 30 22 14 32 7 4 21 9 15 26 17 31 27 1 10 20 23 8 16 25 3 24 2 0
0 15 29 19 31 10 28 32 5 16 11 12 7 1 26 30 9 23 20 13 17 2 18 6 3 24 22 25 21 14 27 4 8 0
0 17 2 28 10 21 9 18 5 8 15 12 25 11 20 4 30 27 24 29 32 13 6 14 23 22 3 19 7 1 26 16 31 0
0 12 23 4 6 20 15 32 1 21 2 3 30 18 7 14 5 8 16 17 10 11 22 29 27 24 9 28 25 31 13 26 19 0
0 25 10 27 18 9 13 30 20 28 7 19 1 31 12 4 11 5 17 21 32 3 6 22 8 2 15 26 16 24 29 23 14 0
0 14 3 16 13 22 20 27 15 10 8 1 28 9 25 19 32 17 26 5 29 2 30 4 11 21 23 6 12 31 24 7 18 0
0 9 14 17 27 26 24 28 4 7 13 11 23 20 15 25 3 5 31 29 10 8 16 1 2 32 19 18 22 6 30 21 12 0
0 30 17 13 12 23 2 7 27 5 18 22 15 14 29 20 10 3 16 25 19 1 32 4 21 9 8 28 31 6 24 11 26 0
0 3 22 1 12 15 24 9 28 19 26 31 4 10 7 2 16 14 27 20 32 29 21 23 8 11 5 30 13 17 25 18 6 0
0 1 29 30 31 15 20 9 26 16 7 24 6 10 27 23 12 13 3 4 19 14 21 11 8 17 25 32 5 2 18 28 22 0
0 6 29 9 19 7 10 27 22 14 15 12 16 21 20 23 3 17 2 5 25 26 24 11 4 18 30 8 1 32 13 31 28 0
0 15 20 8 29 9 2 12 32 14 7 18 4 21 24 25 23 26 16 11 13 17 5 3 28 1 6 22 27 30 31 10 19 0
0 7 21 11 2 20 31 12 25 30 29 4 15 3 10 5 9 8 28 26 32 18 22 19 27 14 6 23 17 13 1 16 24 0
0 23 27 18 11 17 31 2 7 1 30 13 4 10 3 29 32 16 12 9 5 15 25 20 21 6 26 19 8 22 14 28 24 0
0 2 21 32 13 10 27 17 11 6 18 29 28 16 3 14 30 1 20 4 7 5 22 8 19 12 31 24 23 9 15 26 25 0
0 30 13 9 17 31 26 11 4 28 21 10 29 12 2 1 23 24 3 27 32 20 14 25 22 19 8 16 6 18 5 15 7 0
0 32 15 12 11 25 22 26 17 24 30 19 14 23 28 4 2 18 20 10 31 9 21 8 13 5 29 3 16 1 27 6 7 0
0 23 15 13 19 8 24 4 1 7 11 25 14 21 27 20 32 29 9 18 10 5 16 26 12 6 30 28 31 3 17 2 22 0
0 21 19 31 6 7 15 8 16 11 32 30 18 13 14 29 9 12 2 17 22 28 4 5 24 26 23 1 25 3 10 27 20 0
0 10 5 4 16 30 1 20 22 26 17 11 15 6 14 27 2 9 23 24 18 19 32 12 7 29 31 8 28 3 13 21 25 0
0 25 4 32 21 24 23 11 8 14 10 9 7 20 16 15 6 29 17 30 22 2 1 13 27 28 12 18 3 31 26 5 19 0
0 13 20 22 8 24 21 3 6 10 9 11 23 19 1 17 15 18 28 32 16 31 5 14 4 12 30 25 27 7 2 29 26 0
0 8 21 26 18 3 14 4 24 17 16 27 1 23 2 22 5 25 6 29 15 12 31 28 30 13 7 11 19 20 9 10 32 0
0 18 27 10 24 7 16 20 30 13 23 8 1 15 22 4 5 28 14 2 17 6 19 3 31 32 11 21 29 9 26 12 25 0
0 27 15 16 17 7 20 3 2 18 30 9 23 24 6 29 26 12 4 25 11 19 14 10 13 8 22 21 5 32 1 28 31 0
0 19 8 12 25 3 13 24 4 21 23 29 16 32 2 30 27 26 31 17 14 20 11 10 6 5 15 7 22 1 28 18 9 0
0 25 26 7 16 18 19 20 15 9 23 6 22 24 3 11 14 17 30 27 21 32 28 10 8 5 12 29 2 13 31 4 1 0
0 22 4 8 12 29 9 5 30 16 19 10 7 3 31 18 25 11 13 1 24 32 23 21 2 14 6 20 27 26 28 17 15 0
0 19 29 11 22 7 4 1 6 32 14 24 10 23 21 15 3 31 2 30 20 26 13 8 28 5 9 17 16 27 18 25 12 0
0 14 7 19 12 6 5 27 8 17 22 2 13 32 21 25 15 20 30 4 29 28 18 31 10 16 9 11 23 1 3 24 26 0
0 24 5 22 12 19 27 1 2 23 28 32 7 29 30 6 20 11 18 9 26 15 10 16 3 13 31 21 25 8 14 17 4 0
0 30 21 12 14 18 26 5 13 20 2 4 31 15 6 7 16 28 29 19 1 3 10 11 8 22 32 24 9 17 23 27 25 0
0 24 5 2 32 8 25 7 6 26 21 13 23 9 27 3 28 10 30 31 20 22 12 17 1 14 11 4 15 19 18 29 16 0
0 31 16 24 9 20 11 5 22 14 7 18 23 25 26 17 8 13 15 28 12 29 4 10 32 27 19 2 6 21 3 30 1 0
0 29 21 12 7 18 3 22 27 24 14 26 20 5 23 19 25 16 30 4 15 10 31 1 6 8 17 13 28 11 9 2 32 0
0 27 19 17 23 7 13 31 9 25 3 15 26 18 32 24 28 20 10 2 8 30 4 29 11 12 16 21 1 22 14 5 6 0
0 8 31 25 9 2 12 15 32 23 5 14 29 6 19 7 27 10 26 20 13 24 11 16 4 21 1 18 22 17 30 28 3 0
0 26 29 11 4 32 17 7 30 21 22 10 13 16 27 9 24 6 1 15 18 5 14 25 12 28 20 31 3 19 2 8 23 0
0 26 30 4 32 11 25 31 18 20 19 9 14 12 29 15 16 13 23 1 21 22 10 27 17 2 3 24 8 6 7 5 28 0
0 26 31 10 8 25 29 28 27 9 24 18 30 17 16 23 3 12 32 11 7 13 5 14 19 15 22 1 20 21 6 4 2 0
0 9 28 29 12 11 14 25 24 18 20 23 6 2 8 16 26 19 5 7 4 15 3 21 31 22 32 10 1 30 13 27 17 0
0 14 27 26 10 18 11 9 4 8 30 6 1 2 3 24 32 17 13 15 12 25 19 22 29 28 7 16 20 5 23 31 21 0
0 25 10 5 3 1 16 14 21 7 32 12 29 13 11 2 22 4 31 6 17 19 8 23 30 15 28 24 20 9 27 18 26 0
0 3 30 29 19 22 15 6 32 12 31 17 16 26 11 8 10 13 28 2 23 14 24 25 27 7 9 21 5 18 4 20 1 0
0 5 21 10 20 31 32 2 7 6 16 15 1 25 22 18 29 4 13 19 27 11 9 12 30 17 24 8 3 23 28 14 26 0
0 6 13 14 30 10 21 19 32 18 28 5 20 3 15 31 9 11 25 29 24 2 12 17 16 26 8 7 23 27 1 4 22 0
0 9 8 25 5 1 19 11 22 27 23 30 24 12 3 26 14 16 21 32 15 6 29 17 4 28 13 7 31 10 20 18 2 0
0 2 28 14 18 1 31 26 22 32 23 11 10 15 30 13 9 6 29 21 5 19 16 17 24 20 8 7 12 27 25 4 3 0
0 12 20 31 8 22 10 5 30 21 3 2 26 23 11 18 9 24 17 15 19 1 7 4 29 25 14 32 6 13 28 16 27 0
0 13 12 27 30 5 31 29 25 10 17 22 1 2 20 23 16 24 26 18 14 7 15 9 6 28 4 19 8 32 21 11 3 0
0 22 13 23 1 27 25 3 4 31 21 24 14 28 11 10 5 15 2 19 8 20 16 12 7 6 30 18 9 26 17 29 32 0
0 20 27 26 9 31 21 16 24 19 2 4 7 18 15 29 6 3 8 12 5 14 30 1 17 23 10 25 11 22 13 32 28 0
0 2 31 18 4 32 5 13 26 1 12 19 7 16 30 11 21 27 24 25 28 14 9 22 17 3 20 6 23 29 8 10 15 0
0 16 10 17 18 28 27 2 22 24 8 23 19 25 6 9 31 26 29 1 11 20 21 7 14 15 4 32 30 13 12 5 3 0
0 28 21 25 3 23 5 6 10 19 8 2 12 18 4 29 30 20 31 9 22 13 11 32 14 7 26 27 16 17 15 24 1 0
0 16 7 26 31 15 12 3 28 6 9 2 5 20 27 23 29 1 30 19 22 8 18 11 17 4 13 32 10 14 25 24 21 0
0 8 7 23 11 1 19 31 17 25 27 20 29 5 3 15 30 26 4 18 2 9 22 32 13 16 21 24 10 28 12 14 6 0
0 24 20 10 1 2 28 17 23 18 27 9 13 32 12 19 15 29 7 16 11 5 26 25 14 31 4 6 22 8 3 21 30 0
0 16 21 32 26 28 31 23 12 20 4 18 3 9 5 19 17 7 22 8 1 2 6 13 15 11 14 24 30 29 25 27 10 0
0 12 28 25 2 7 13 23 30 17 16 32 22 5 9 24 3 8 6 21 31 4 27 11 10 26 19 15 14 20 18 29 1 0
0 13 19 3 7 2 10 1 30 17 16 12 27 6 20 26 23 31 21 18 8 15 25 22 4 32 5 9 24 14 29 28 11 0
0 9 22 32 20 5 3 31 14 19 30 17 15 25 26 6 29 13 16 1 21 10 2 12 8 28 23 4 24 7 11 27 18 0
0 1 6 28 14 32 9 8 18 25 15 20 2 5 29 10 27 30 24 11 17 26 21 16 4 7 23 3 13 12 19 31 22 0
0 12 19 10 27 16 30 26 17 21 6 1 13 23 9 5 8 20 3 11 22 14 25 31 18 15 32 2 7 28 29 24 4 0
0 30 25 7 9 19 22 4 8 10 26 12 32 21 15 3 23 17 31 14 11 6 16 28 13 5 24 29 18 27 2 1 20 0
0 3 20 22 15 13 31 7 18 16 9 14 21 29 1 30 24 32 4 11 8 28 2 25 12 23 5 10 19 17 26 6 27 0
0 12 7 13 10 14 28 5 30 20 25 9 8 22 18 4 17 24 21 3 32 31 19 15 23 29 1 2 11 26 27 6 16 0
0 28 14 13 7 4 21 26 20 24 18 6 16 15 8 9 31 23 11 12 29 5 30 1 3 2 22 17 32 10 27 19 25 0
0 15 5 20 1 3 25 8 9 11 19 10 30 18 16 29 24 23 22 14 17 31 21 26 2 6 28 32 4 12 27 7 13 0
0 15 6 17 9 7 18 29 30 13 24 20 25 22 23 1 5 21 31 12 27 26 11 16 28 2 14 19 8 4 32 10 3 0
0 26 7 11 10 25 4 30 20 15 29 3 12 18 5 24 27 9 19 32 28 14 22 13 16 8 1 17 31 21 2 6 23 0
0 6 30 12 17 14 5 20 23 16 2 18 24 11 7 25 3 31 8 32 26 28 10 19 9 1 27 13 4 15 21 22 29 0
0 12 20 4 21 19 29 24 5 1 23 3 18 7 6 2 15 13 9 10 26 22 31 28 30 14 27 32 17 8 11 25 16 0
0 13 2 31 18 26 20 27 32 14 1 15 11 25 8 30 19 24 23 21 6 10 7 5 28 17 16 3 12 29 4 9 22 0
0 10 27 3 6 5 16 19 15 32 18 20 4 22 29 2 30 28 25 23 17 12 11 14 7 8 24 26 1 31 13 9 21 0
0 12 31 14 16 7 3 30 21 1 15 17 9 18 4 13 6 22 20 32 11 23 5 29 24 27 2 10 28 19 26 8 25 0
0 13 31 26 4 10 9 21 2 11 17 24 15 27 12 25 6 20 16 7 14 1 22 32 29 28 23 5 19 3 18 8 30 0
0 4 22 1 30 8 21 19 5 27 24 14 3 6 9 16 11 25 7 13 10 2 20 12 17 29 32 26 15 28 23 31 18 0
0 14 12 22 19 1 32 24 28 5 29 26 30 20 21 10 27 6 7 17 23 31 15 25 9 11 4 18 13 16 3 2 8 0
0 30 11 25 27 16 8 17 26 4 19 6 32 2 31 20 5 15 7 1 21 28 12 14 13 22 9 23 3 10 29 24 18 0
0 10 32 13 9 20 23 2 17 11 15 19 29 25 1 4 28 31 8 22 16 21 14 12 30 5 27 6 24 7 26 18 3 0
0 12 22 20 9 6 27 14 18 16 25 4 1 31 23 17 2 11 7 8 32 13 10 15 19 24 5 28 29 21 30 26 3 0
0 12 25 4 30 11 6 31 10 27 3 29 18 15 16 9 28 14 21 19 32 5 20 24 13 8 7 26 17 2 1 22 23 0
0 7 15 17 6 29 16 14 23 1 3 32 2 22 28 11 21 30 19 8 31 12 20 18 4 10 9 25 24 27 5 13 26 0
0 10 24 29 11 21 2 6 18 17 14 27 19 15 25 8 4 1 7 5 20 9 22 28 31 12 13 26 3 30 16 32 23 0
0 27 16 11 8 1 7 23 3 12 31 18 26 6 29 2 21 9 10 22 17 30 32 28 24 14 15 13 19 20 5 25 4 0
0 15 10 7 1 23 25 31 11 4 27 32 12 21 24 8 16 13 18 5 19 6 29 9 28 26 20 30 14 22 17 2 3 0
0 17 11 7 26 10 22 5 19 3 21 4 14 9 8 13 1 25 15 18 30 2 12 16 27 20 31 6 28 23 32 29 24 0
0 7 17 27 20 19 1 2 21 14 13 16 6 28 10 24 26 9 4 29 8 18 22 11 3 5 12 15 31 23 30 32 25 0
0 10 19 31 27 11 18 5 9 26 28 22 12 30 4 15 29 8 24 13 3 23 14 6 25 32 21 1 17 20 7 16 2 0
0 23 31 3 10 28 26 13 14 11 16 6 24 32 20 5 1 12 7 17 8 19 2 27 18 9 30 22 29 21 4 15 25 0
0 20 6 23 3 24 9 13 22 4 17 18 26 30 19 8 14 27 28 12 1 31 29 7 21 16 11 32 2 5 25 15 10 0
0 30 13 2 15 12 23 27 8 14 4 22 24 25 20 19 32 5 10 16 1 21 31 6 9 11 18 28 7 3 26 29 17 0
0 32 22 11 25 26 29 13 21 10 24 14 18 5 27 6 4 2 9 1 12 30 8 20 16 28 17 3 19 23 7 15 31 0
0 20 18 32 21 23 16 2 13 26 4 30 8 28 14 27 29 24 15 9 10 17 3 12 31 1 25 11 5 22 6 19 7 0
0 12 3 15 2 26 16 11 17 14 28 32 21 25 20 31 22 30 6 1 23 10 27 8 24 4 7 29 5 13 19 18 9 0
0 20 10 29 23 24 15 5 17 31 12 19 25 8 32 22 27 13 3 4 18 26 16 2 28 1 30 6 11 7 9 21 14 0
0 21 12 2 17 22 18 6 24 29 23 8 16 26 20 3 5 15 14 10 19 25 13 31 9 4 28 30 7 1 27 11 32 0
0 30 21 31 27 29 23 18 26 6 1 2 32 10 22 17 9 25 3 16 15 28 24 12 11 13 8 4 20 5 14 7 19 0
0 32 28 26 21 27 8 22 14 15 24 18 16 3 29 4 5 12 9 6 10 23 20 13 1 19 11 17 7 30 2 31 25 0
0 32 20 26 13 18 11 9 21 10 8 5 12 19 17 23 22 4 1 2 6 14 25 28 24 31 15 3 29 27 16 30 7 0
0 14 31 17 11 28 30 23 18 10 27 3 22 5 29 24 16 12 15 4 2 1 13 21 25 7 20 19 8 32 26 6 9 0
0 22 25 3 2 17 16 23 10 1 19 20 26 15 29 14 4 6 27 32 7 5 12 30 28 31 18 13 11 8 21 24 9 0
0 27 2 6 16 10 32 18 25 23 11 3 21 13 20 4 14 7 19 12 30 17 26 28 5 1 15 29 22 8 24 31 9 0
0 11 28 25 9 13 17 3 12 32 30 18 10 21 14 1 7 16 27 15 31 24 6 26 4 19 5 2 8 22 23 29 20 0
0 1 13 5 4 22 8 7 18 30 29 6 9 31 25 23 17 10 32 15 16 21 2 11 19 3 28 27 14 12 20 24 26 0
0 17 19 27 4 26 20 28 30 23 5 14 24 7 6 18 32 8 13 31 9 3 21 11 15 1 29 10 2 25 12 22 16 0
0 23 24 6 11 12 19 14 5 9 16 3 17 10 29 20 21 18 28 1 26 7 13 31 25 30 22 2 15 32 27 4 8 0
0 13 25 8 12 29 18 21 26 9 24 3 22 2 28 31 6 27 30 19 16 10 15 17 5 11 23 14 7 20 4 1 32 0
0 7 1 32 26 21 24 2 8 10 20 28 25 23 6 30 12 9 27 3 22 11 15 18 14 4 5 17 19 13 29 16 31 0
0 15 18 9 26 10 16 32 21 22 31 12 5 8 20 7 2 24 30 6 13 3 28 11 17 29 14 23 25 27 4 19 1 0
0 26 18 25 29 10 5 13 6 8 17 19 30 12 20 22 11 31 1 2 15 7 23 16 28 32 14 4 3 9 24 21 27 0
0 7 8 31 3 19 30 29 1 15 4 16 17 32 18 26 25 22 21 10 20 2 5 27 9 11 12 28 6 14 23 24 13 0
0 4 30 32 26 14 1 24 6 11 28 29 19 9 8 18 10 27 17 25 31 21 15 13 3 23 16 12 5 7 22 2 20 0
0 1 5 31 2 27 24 15 13 6 26 28 14 16 11 23 32 17 10 30 12 29 19 3 18 7 4 22 9 8 25 20 21 0
0 2 22 10 18 25 12 4 31 7 1 9 17 3 27 19 8 32 28 26 15 20 24 11 30 29 14 6 21 13 5 23 16 0
0 11 7 10 21 12 9 28 19 13 4 18 16 26 17 3 20 27 15 29 22 24 32 6 14 1 5 31 25 8 23 2 30 0
0 27 31 8 13 26 32 4 22 11 21 30 2 29 14 7 10 15 28 17 23 3 20 12 16 18 5 6 9 19 25 1 24 0
0 10 12 25 6 29 31 1 24 5 15 22 28 11 14 8 27 3 32 21 9 2 13 16 23 30 19 17 4 26 7 18 20 0
0 10 14 21 27 18 32 16 17 23 2 20 1 24 6 26 7 13 28 8 5 12 19 11 15 29 4 22 9 30 25 3 31 0
0 14 21 30 32 3 5 1 28 4 6 10 31 25 18 23 17 16 7 13 12 24 19 15 27 2 26 9 20 11 22 29 8 0
0 18 9 27 13 19 16 5 20 6 31 11 29 32 12 10 8 2 15 22 28 25 1 3 14 23 17 30 24 4 21 26 7 0
0 20 10 12 26 22 11 32 5 1 6 3 29 15 28 31 9 24 14 25 7 21 2 18 13 8 16 4 27 23 19 17 30 0
0 32 24 19 31 15 1 18 4 20 14 27 3 25 21 29 7 12 5 9 30 13 2 8 17 22 23 10 28 6 11 16 26 0
0 26 21 15 19 3 10 24 16 4 9 17 7 28 30 18 22 8 1 25 2 14 5 27 29 32 23 13 20 31 11 12 6 0
0 3 6 23 18 31 30 14 12 8 22 9 29 27 32 1 24 13 17 28 15 19 2 11 16 25 4 21 20 7 26 10 5 0
0 1 23 2 5 24 9 16 29 15 3 25 31 27 30 18 32 4 6 26 20 8 12 21 7 19 13 17 22 11 14 28 10 0
0 9 24 16 27 6 8 7 32 19 21 10 31 29 28 26 14 15 23 20 13 1 5 17 4 25 22 18 11 12 3 2 30 0
0 18 29 6 22 28 8 25 24 16 15 31 14 3 1 21 2 11 27 13 30 32 9 7 4 10 12 23 19 17 20 5 26 0
0 23 31 18 16 9 13 12 15 24 7 27 26 14 22 1 29 28 20 5 21 8 30 6 2 11 3 4 10 32 19 25 17 0
0 27 22 31 12 23 10 15 18 29 3 26 30 16 14 5 2 19 25 13 7 4 24 9 21 20 6 11 1 17 32 28 8 0
0 29 30 26 8 1 12 24 5 13 22 2 23 3 27 6 16 10 4 20 25 28 32 18 31 14 17 19 11 9 7 15 21 0
0 25 15 3 12 23 1 14 32 27 16 21 24 10 18 30 22 7 26 8 17 9 13 2 5 19 20 28 4 11 31 29 6 0
0 24 11 26 32 5 7 17 1 31 22 30 14 23 18 13 15 19 28 21 8 12 9 27 29 20 6 2 4 3 16 10 25 0
0 30 8 12 16 5 2 14 28 7 20 4 6 17 18 24 31 9 1 19 26 21 29 10 32 3 25 11 13 15 27 23 22 0
0 3 29 26 24 28 6 21 1 22 14 27 5 15 31 20 11 13 10 23 25 7 30 8 18 19 4 2 9 16 17 32 12 0
0 3 4 15 24 8 21 29 17 31 30 7 22 23 27 20 13 10 18 9 32 2 5 14 28 1 12 11 19 26 6 16 25 0
0 4 1 5 15 13 24 32 18 27 28 22 7 12 11 6 3 29 31 30 21 14 20 25 23 8 26 10 17 19 2 9 16 0
0 27 16 11 4 17 8 10 26 29 20 15 14 24 6 18 13 28 3 5 7 19 25 23 32 9 30 2 12 22 21 1 31 0
0 24 30 5 4 23 16 32 1 14 11 26 28 29 25 17 12 22 8 31 19 3 18 10 21 15 20 9 13 2 7 27 6 0
0 18 17 16 1 30 23 8 12 32 2 10 31 26 21 29 20 25 7 6 5 3 11 22 27 15 13 28 24 4 19 14 9 0
0 6 8 7 12 15 27 16 18 24 19 9 17 10 2 14 32 11 1 4 5 30 3 31 25 29 22 23 20 28 13 26 21 0
0 22 21 30 20 24 12 25 3 26 29 32 11 7 5 15 28 4 13 23 6 19 17 31 1 14 18 27 8 2 9 16 10 0
0 5 27 14 6 10 11 9 26 13 2 3 23 17 28 24 8 31 16 19 20 12 22 1 29 30 4 21 7 32 18 15 25 0
0 3 6 5 1 25 20 11 23 29 24 30 26 32 27 21 22 10 8 19 18 7 28 14 31 15 12 16 17 13 9 4 2 0
0 4 30 9 31 16 18 15 27 7 19 29 8 21 13 28 25 32 3 17 2 11 10 22 24 6 1 12 5 20 26 23 14 0
0 25 17 19 18 5 6 20 23 12 15 29 4 7 2 24 14 28 32 22 1 13 10 31 30 27 21 8 3 9 26 11 16 0
0 15 10 7 2 20 28 16 5 29 9 14 24 19 27 3 18 6 4 23 32 31 8 11 26 22 13 1 12 30 25 21 17 0
0 31 9 17 8 14 27 18 19 29 3 24 30 6 26 22 25 5 16 10 1 21 20 12 2 11 13 15 4 7 28 23 32 0
0 6 23 11 18 7 10 27 19 25 13 4 17 16 22 9 8 5 14 12 31 21 2 3 24 26 1 28 30 29 32 20 15 0
0 14 15 19 28 30 8 7 31 23 6 10 13 5 4 20 29 21 26 27 16 32 9 24 17 2 11 18 12 1 25 3 22 0
0 27 17 21 25 1 23 2 15 9 32 11 16 14 29 18 30 4 19 7 12 13 28 3 24 8 6 10 20 5 22 31 26 0
0 4 1 30 15 5 26 13 10 7 9 2 23 25 3 31 27 16 19 8 14 18 29 17 11 12 22 6 32 24 20 28 21 0
0 15 20 31 11 19 1 16 4 6 12 25 18 9 29 28 24 22 14 21 23 7 5 27 17 2 13 26 30 32 3 10 8 0
0 30 7 25 21 20 4 18 6 29 23 15 28 17 14 1 13 31 22 5 19 16 11 24 3 27 32 2 9 8 26 12 10 0
0 28 10 31 24 29 26 15 5 32 17 25 1 21 8 2 18 13 22 23 16 20 9 30 11 14 12 7 6 4 27 19 3 0
0 1 3 27 20 2 12 7 26 23 29 28 21 17 13 8 31 11 14 6 30 4 15 24 25 16 5 22 19 9 32 18 10 0
0 14 24 12 10 27 6 2 32 11 18 25 13 21 9 20 16 31 29 26 5 3 8 22 19 28 23 17 4 7 1 15 30 0
0 3 31 25 11 6 2 21 28 13 14 22 10 12 29 15 32 19 4 16 27 17 23 24 7 8 26 9 20 30 5 1 18 0
0 23 17 12 25 4 28 29 3 14 31 27 6 30 2 15 13 16 22 21 20 24 8 19 10 5 1 26 11 7 32 9 18 0
0 12 6 21 16 29 20 15 30 10 32 11 18 17 22 19 23 14 28 5 8 25 3 1 13 2 26 7 27 31 9 24 4 0
0 12 1 16 9 7 21 10 17 11 25 6 18 24 20 15 19 2 13 32 4 26 22 30 5 23 31 14 29 3 28 8 27 0
0 15 3 1 21 26 10 5 19 24 2 27 25 7 30 18 28 13 12 22 17 4 14 29 9 31 32 23 16 6 8 11 20 0
0 9 22 32 5 4 14 13 7 17 20 16 6 18 21 27 10 24 8 28 1 30 3 11 19 15 29 23 25 12 31 26 2 0
0 18 9 12 23 3 4 31 6 28 27 24 30 11 32 17 8 29 7 15 25 1 21 22 14 2 26 20 16 5 13 19 10 0
0 23 15 20 19 9 12 5 10 21 8 30 7 17 13 1 18 28 14 29 27 2 4 22 24 6 32 31 25 26 3 11 16 0
0 18 21 22 7 24 4 5 20 14 16 31 19 15 26 28 2 29 11 12 8 13 6 3 10 27 17 23 9 25 32 30 1 0
0 13 26 5 2 19 31 16 25 6 29 11 24 30 22 27 32 21 8 9 10 17 15 4 14 20 7 23 12 1 18 28 3 0
0 31 11 4 16 27 29 20 13 14 32 18 21 5 23 1 28 12 8 9 19 15 25 17 6 26 24 22 3 30 10 2 7 0
0 3 8 6 7 19 11 1 20 28 27 25 21 15 31 13 17 26 5 2 12 29 18 4 10 14 22 16 30 32 23 9 24 0
0 18 16 5 30 9 31 4 21 8 7 6 12 20 23 24 10 3 22 28 25 2 32 29 17 1 14 19 11 13 26 27 15 0
0 4 25 21 8 17 27 14 15 2 26 7 6 29 11 10 20 1 19 22 31 16 30 32 18 12 5 24 28 3 23 13 9 0
0 25 18 27 6 12 8 9 16 5 28 26 7 10 30 17 19 22 23 2 1 20 4 13 15 32 31 24 3 11 21 14 29 0
0 30 13 9 5 29 8 3 21 15 18 4 7 26 17 31 28 1 25 2 10 11 24 32 20 27 22 23 6 16 19 12 14 0
0 6 21 13 11 14 29 27 7 22 5 19 25 32 18 24 31 26 28 15 23 30 16 9 2 3 12 1 10 17 4 20 8 0
0 27 23 26 31 24 9 5 32 17 19 20 30 12 18 14 7 25 22 28 11 6 29 21 1 10 13 4 2 3 8 15 16 0
0 18 9 31 1 32 26 21 23 8 10 24 17 7 28 13 11 4 20 27 30 14 25 6 5 3 16 15 29 2 19 22 12 0
0 21 6 5 11 23 28 12 30 2 13 24 25 10 8 29 3 7 4 16 31 17 32 15 27 22 14 1 9 19 26 20 18 0
0 1 26 7 20 13 5 4 29 28 25 23 24 27 6 18 21 11 32 9 17 31 10 3 22 8 30 15 14 16 12 2 19 0
0 24 23 19 9 16 29 17 32 28 7 21 4 3 30 13 27 12 8 18 6 26 2 14 1 31 5 20 10 25 11 15 22 0
0 28 31 17 7 21 9 19 2 20 13 32 8 5 11 30 1 18 3 29 24 6 27 15 16 4 10 26 14 12 23 22 25 0
0 20 7 26 22 15 23 10 14 32 18 27 11 6 2 5 9 30 13 4 29 19 17 12 3 21 31 16 8 1 24 28 25 0
0 6 21 25 31 18 2 17 7 19 15 30 3 13 9 29 1 4 24 11 23 28 22 5 10 12 14 16 32 8 26 27 20 0
0 26 27 16 9 10 13 4 20 22 6 7 15 30 11 3 2 28 31 19 18 12 25 17 29 1 23 21 24 14 8 5 32 0
0 29 25 22 14 27 19 32 15 6 23 13 31 20 30 7 9 3 8 11 10 5 2 28 16 4 1 12 24 21 18 26 17 0
0 18 16 21 25 8 17 19 30 29 22 24 15 1 10 23 6 20 12 9 7 5 13 14 11 28 2 32 31 26 27 3 4 0
0 4 29 20 22 10 21 30 1 27 23 16 14 7 11 15 12 13 9 24 31 26 5 28 17 32 8 3 19 25 18 2 6 0
0 8 6 23 29 19 14 2 22 30 32 11 25 12 24 15 27 3 10 9 7 4 18 20 28 13 26 16 5 31 21 1 17 0
0 30 3 5 29 18 17 26 19 14 23 20 12 6 8 11 9 13 10 22 21 25 7 1 32 2 4 28 16 31 15 27 24 0
0 14 20 9 23 19 8 7 13 16 1 25 12 28 4 6 24 29 21 11 17 3 22 32 2 18 31 27 5 26 15 10 30 0
0 5 2 19 28 8 30 14 3 6 27 24 10 23 9 29 15 32 21 16 12 31 4 17 13 20 7 22 11 26 1 25 18 0
0 3 21 9 18 27 19 12 24 22 31 25 16 20 23 11 1 29 30 8 4 28 14 13 5 7 26 2 15 17 6 32 10 0
0 31 28 29 20 17 11 18 1 8 10 25 26 7 12 27 21 2 13 24 4 14 5 23 3 6 16 19 15 32 9 30 22 0
0 23 31 3 25 14 18 11 32 21 15 28 8 26 4 30 16 17 19 1 22 9 12 20 2 7 24 10 27 5 29 13 6 0
0 5 23 12 31 32 16 8 9 6 10 20 13 3 2 15 22 29 19 11 25 7 14 17 26 30 18 24 1 4 21 28 27 0
0 21 2 5 24 18 32 20 4 23 17 19 28 8 9 10 15 1 11 29 3 26 27 6 22 14 16 13 12 30 25 7 31 0
0 28 2 32 25 10 16 7 11 1 26 18 5 20 12 17 19 14 6 13 8 21 31 15 23 4 27 29 3 9 30 24 22 0
0 1 22 13 20 29 15 3 24 26 6 19 7 23 27 4 16 18 21 30 5 31 28 10 25 32 2 14 17 8 11 12 9 0
0 25 31 28 9 7 21 26 24 13 16 5 1 17 3 11 20 14 29 32 27 2 4 12 19 8 18 30 23 15 22 10 6 0
0 1 32 9 31 5 12 6 21 20 10 26 14 3 15 2 18 25 13 29 19 23 27 16 8 22 30 4 28 17 11 7 24 0
0 11 15 6 28 26 18 24 31 13 1 32 25 4 20 27 23 17 29 10 2 16 19 30 12 14 9 8 22 7 21 3 5 0
0 28 21 22 1 13 29 9 11 24 12 23 14 27 20 5 31 3 10 16 30 8 32 17 6 18 19 25 4 2 15 7 26 0
0 19 6 18 24 26 13 7 32 22 2 5 12 11 25 17 16 14 4 30 10 1 8 21 28 20 15 31 29 27 23 9 3 0
